1.000000000 0.000000000 0.000000000 0.000000000 0.000000000 1.000000000 0.000000000 0.000000000 0.000000000 0.000000000 1.000000000 0.000000000
1.000000000 -0.000123271 0.000080144 -0.000011275 0.000123278 1.000000000 -0.000096696 -0.000020511 -0.000080132 0.000096706 1.000000000 0.000186587
0.999999702 -0.000413712 -0.000690372 -0.000533719 0.000413932 0.999999881 0.000319210 -0.000059950 0.000690240 -0.000319495 0.999999702 -0.000805236
0.999999881 0.000456350 0.000244730 -0.000064317 -0.000456282 0.999999881 -0.000277214 0.000120150 -0.000244856 0.000277102 0.999999940 0.000039406
0.999999881 -0.000521299 0.000057613 -0.000306377 0.000521313 0.999999821 -0.000243988 -0.000051791 -0.000057486 0.000244018 0.999999940 0.000049979
0.999999881 0.000227322 0.000372201 0.000048448 -0.000227325 1.000000000 0.000008820 0.000023275 -0.000372199 -0.000008905 0.999999940 -0.000184067
0.999999702 0.000721630 0.000205909 -0.000049667 -0.000721639 0.999999762 0.000043765 0.000034717 -0.000205877 -0.000043913 1.000000000 -0.000064400
0.999999940 0.000366626 0.000056073 -0.000000165 -0.000366631 0.999999940 0.000081944 0.000003485 -0.000056043 -0.000081965 1.000000000 -0.000011966
1.000000000 -0.000213033 -0.000063687 -0.000366442 0.000213030 1.000000000 -0.000033537 -0.000031891 0.000063694 0.000033523 1.000000000 0.000342074
1.000000000 0.000046663 -0.000042803 0.000023362 -0.000046667 1.000000000 -0.000095774 0.000045105 0.000042799 0.000095776 1.000000000 -0.000016069
0.999999821 0.000533228 0.000354215 -0.000050697 -0.000533286 0.999999821 0.000163286 0.000027033 -0.000354128 -0.000163475 0.999999940 -0.000580889
0.999997795 0.002048615 0.000434161 0.000073146 -0.002048613 0.999997914 -0.000004903 0.000134726 -0.000434170 0.000004013 0.999999881 -0.000079313
1.000000000 0.000012189 0.000070020 -0.000131910 -0.000012177 1.000000000 -0.000173366 0.000009202 -0.000070022 0.000173365 1.000000000 0.000157329
0.999999940 -0.000062414 -0.000361155 -0.000291052 0.000062487 1.000000000 0.000201768 -0.000060516 0.000361143 -0.000201790 0.999999940 -0.000206567
0.999999881 -0.000441233 -0.000217234 -0.000443677 0.000441225 0.999999881 -0.000036703 -0.000036368 0.000217250 0.000036607 1.000000000 0.000358897
1.000000000 -0.000057025 -0.000061482 -0.000257069 0.000057022 1.000000000 -0.000053367 -0.000000773 0.000061485 0.000053363 1.000000000 0.000358122
1.000000000 -0.000183819 -0.000062764 -0.000279656 0.000183826 1.000000000 0.000110226 -0.000041189 0.000062744 -0.000110237 1.000000000 0.000187941
0.999999702 -0.000483513 -0.000649307 -0.000458636 0.000483474 0.999999881 -0.000059757 -0.000020581 0.000649336 0.000059443 0.999999762 -0.000033057
0.999999762 -0.000134152 -0.000698611 -0.000431871 0.000134150 1.000000000 -0.000002705 0.000004358 0.000698611 0.000002611 0.999999762 -0.000170874
0.999999642 -0.000812366 0.000115194 -0.000338229 0.000812389 0.999999642 -0.000198566 0.000008442 -0.000115032 0.000198660 1.000000000 0.000020873
0.999999702 -0.000745649 -0.000229180 -0.000643647 0.000745640 0.999999702 -0.000038262 -0.000086928 0.000229209 0.000038091 1.000000000 -0.000289825
0.999999583 -0.000745651 -0.000571786 -0.000573810 0.000745705 0.999999702 0.000092703 -0.000049989 0.000571716 -0.000093129 0.999999821 -0.000424009
1.000000000 0.000067446 -0.000090118 -0.000235305 -0.000067453 1.000000000 -0.000074339 0.000016984 0.000090113 0.000074345 1.000000000 0.000168323
0.999999702 -0.000546538 -0.000508040 -0.000164276 0.000546559 0.999999821 0.000041011 -0.000020792 0.000508017 -0.000041289 0.999999881 -0.000142460
0.999999940 -0.000216263 0.000144644 -0.000298113 0.000216266 1.000000000 -0.000016014 -0.000026740 -0.000144641 0.000016045 1.000000000 0.000223051
0.999999821 -0.000548137 0.000023074 -0.000299697 0.000548141 0.999999821 -0.000170098 -0.000012626 -0.000022981 0.000170111 1.000000000 0.000114507
0.999999940 0.000005667 -0.000295732 -0.000001669 -0.000005612 1.000000000 0.000185992 -0.000061372 0.000295733 -0.000185990 0.999999940 -0.000187773
0.999999523 0.000899091 0.000386419 -0.000121783 -0.000899106 0.999999583 0.000038937 0.000062351 -0.000386384 -0.000039284 0.999999940 -0.000272785
0.999999762 0.000585092 0.000324416 0.000052510 -0.000585037 0.999999821 -0.000169517 0.000088979 -0.000324515 0.000169327 0.999999940 -0.000014892
0.999998569 0.001463693 0.000848643 -0.000213682 -0.001463625 0.999998927 -0.000080314 0.000086412 -0.000848759 0.000079072 0.999999642 0.000130344
0.999999821 0.000495374 0.000328320 0.000045686 -0.000495312 0.999999881 -0.000189483 0.000108024 -0.000328414 0.000189321 0.999999940 -0.000193126
0.999999583 0.000758360 0.000545522 -0.000158049 -0.000758133 0.999999642 -0.000416389 0.000197222 -0.000545837 0.000415975 0.999999762 -0.000000049
0.999999106 0.001294862 0.000321684 0.000052338 -0.001294836 0.999999166 -0.000078448 0.000138216 -0.000321785 0.000078031 0.999999940 -0.000287190
0.999999583 0.000814355 0.000458250 -0.000072837 -0.000814337 0.999999642 -0.000039900 0.000088419 -0.000458282 0.000039527 0.999999881 -0.000401587
0.999999881 -0.000467859 -0.000150451 -0.000072933 0.000467834 0.999999881 -0.000165199 -0.000373105 0.000150529 0.000165128 1.000000000 0.000009875
0.999999881 0.000406921 0.000218950 -0.000204583 -0.000406885 0.999999881 -0.000167730 0.000057476 -0.000219018 0.000167641 0.999999940 0.000211063
0.999999583 0.000835978 0.000423390 -0.000066432 -0.000835935 0.999999642 -0.000102171 0.000099616 -0.000423475 0.000101817 0.999999881 -0.000390745
0.999999642 0.000792258 0.000206910 0.000090267 -0.000792249 0.999999702 -0.000044842 0.000066930 -0.000206945 0.000044678 1.000000000 -0.000114298
0.999997973 0.001899228 0.000634488 -0.000097301 -0.001899293 0.999998212 0.000101425 0.000010557 -0.000634295 -0.000102630 0.999999821 -0.000013011
0.999999940 0.000353643 0.000198633 0.000042917 -0.000353620 0.999999940 -0.000113752 -0.000080137 -0.000198673 0.000113682 1.000000000 -0.000238801
0.999999940 0.000273560 0.000127222 0.000001136 -0.000273546 0.999999940 -0.000106279 0.000027407 -0.000127251 0.000106244 1.000000000 0.000135621
0.999999881 0.000353092 0.000341283 -0.000060924 -0.000353005 0.999999881 -0.000254080 -0.000228648 -0.000341373 0.000253959 0.999999881 0.000231471
0.999999940 0.000299102 0.000154958 0.000002590 -0.000299063 0.999999940 -0.000252293 -0.000400216 -0.000155034 0.000252247 0.999999940 0.000310646
0.999999583 -0.000762394 0.000453833 -0.000121237 0.000762781 0.999999344 -0.000853451 -0.000426847 -0.000453182 0.000853797 0.999999523 -0.000611136
0.999999642 0.000033982 0.000877837 0.000200567 -0.000032917 0.999999285 -0.001212765 -0.000444723 -0.000877877 0.001212735 0.999998868 -0.000248681
0.999996006 -0.002614579 0.001087918 -0.000307698 0.002615231 0.999996424 -0.000598978 -0.000635207 -0.001086348 0.000601821 0.999999225 -0.000034760
0.999993801 -0.003246720 0.001345923 -0.000216494 0.003246240 0.999994695 0.000358690 -0.000857356 -0.001347080 -0.000354319 0.999999046 0.000181778
0.999997616 -0.001685155 0.001382747 -0.000443586 0.001686848 0.999997854 -0.001224165 -0.000701805 -0.001380681 0.001226495 0.999998271 -0.000191983
0.999988914 -0.004290230 -0.001944507 -0.000598835 0.004283501 0.999984860 -0.003451257 -0.001832838 0.001959284 0.003442889 0.999992132 -0.001801500
0.999995947 -0.002701847 -0.000922579 -0.000236521 0.002698119 0.999988258 -0.004018058 -0.002572596 0.000933424 0.004015552 0.999991477 -0.002969774
0.999985397 0.003850064 0.003788646 0.000694649 -0.003835045 0.999984801 -0.003963294 -0.003161798 -0.003803847 0.003948706 0.999984980 -0.003103681
0.999945283 0.007865171 0.006898518 0.000940743 -0.007848089 0.999966085 -0.002499775 -0.004704182 -0.006917946 0.002445498 0.999973059 -0.005421157
0.999898434 0.010163687 0.009989348 0.001654499 -0.010158176 0.999948204 -0.000602380 -0.007346497 -0.009994954 0.000500846 0.999949932 -0.005734465
0.999801457 0.010233806 0.017096333 0.002039665 -0.010287710 0.999942362 0.003067973 -0.012274391 -0.017063951 -0.003243246 0.999849141 -0.008695878
0.999700785 0.009651984 0.022477215 0.002889140 -0.009852514 0.999912500 0.008827879 -0.016853644 -0.022390042 -0.009046694 0.999708354 -0.008395520
0.999741852 0.006861134 0.021659561 0.002785729 -0.007239985 0.999821305 0.017461484 -0.019858411 -0.021535885 -0.017613793 0.999612927 -0.011458519
0.999664128 0.003716996 0.025648134 0.004132361 -0.004429468 0.999604285 0.027778067 -0.022538234 -0.025534734 -0.027882343 0.999285042 -0.011833957
0.999554694 0.000296321 0.029837750 0.005344770 -0.001403480 0.999310851 0.037091862 -0.024566779 -0.029806197 -0.037117224 0.998866320 -0.012382817
0.999391139 -0.001535121 0.034856901 0.007187515 0.000017662 0.999053776 0.043492597 -0.027810436 -0.034890682 -0.043465503 0.998445511 -0.013503507
0.999206722 0.000103051 0.039823499 0.009607706 -0.001961175 0.998910666 0.046622723 -0.032816101 -0.039775312 -0.046663839 0.998118460 -0.016526416
0.999007523 0.001641287 0.044511795 0.011424982 -0.003763167 0.998858035 0.047628276 -0.040898636 -0.044382792 -0.047748510 0.997872889 -0.019206639
0.998727202 0.001008629 0.050428040 0.012389707 -0.003390028 0.998881578 0.047160510 -0.051965095 -0.050324071 -0.047271438 0.997613609 -0.024391616
0.998137355 0.000843216 0.061000593 0.014310787 -0.003892098 0.998747647 0.049879655 -0.068264864 -0.060882140 -0.050024170 0.996890664 -0.029592196
0.997438371 -0.001714022 0.071510158 0.014391113 -0.002279882 0.998443186 0.055731863 -0.088721275 -0.071494356 -0.055752136 0.995881677 -0.035617929
0.996919751 -0.005495228 0.078235812 0.014384991 0.000726741 0.998146713 0.060848638 -0.113941558 -0.078425199 -0.060604349 0.995076180 -0.041168168
0.996268094 -0.005444141 0.086140886 0.013609271 -0.000031950 0.997985482 0.063442625 -0.142638788 -0.086312741 -0.063208617 0.994260907 -0.048343223
0.995740652 -0.004436381 0.092091337 0.012304055 -0.001359833 0.998026371 0.062781870 -0.173712179 -0.092188105 -0.062639691 0.993769407 -0.056483116
0.994853616 0.002950175 0.101279452 0.010755627 -0.009171851 0.998094380 0.061020244 -0.205296502 -0.100906432 -0.061635133 0.992984891 -0.063966364
0.993585646 0.010470192 0.112596452 0.008908208 -0.017113812 0.998158216 0.058200143 -0.236874923 -0.111779712 -0.059753783 0.991934896 -0.072440468
0.992079496 0.019284016 0.124122418 0.007686540 -0.025996575 0.998272479 0.052689657 -0.266621977 -0.122891925 -0.055499084 0.990867019 -0.078118831
0.990368187 0.027468465 0.135706648 0.006178609 -0.033205524 0.998640001 0.040193956 -0.297211349 -0.134418026 -0.044313025 0.989933431 -0.085102119
0.989656508 0.031774268 0.139894038 0.003479834 -0.035506967 0.999074757 0.024267193 -0.325023979 -0.138993531 -0.028983397 0.989869058 -0.091135740
0.989323854 0.034989547 0.141470790 0.001106863 -0.036340222 0.999315143 0.006974349 -0.350225806 -0.141129881 -0.012040970 0.989917874 -0.098149732
0.989153266 0.035986219 0.142410815 0.000354158 -0.034818560 0.999336541 -0.010683557 -0.371099949 -0.142700791 0.005609137 0.989749968 -0.103029601
0.988733947 0.032171503 0.146185383 -0.000154414 -0.028953901 0.999290526 -0.024085660 -0.383618116 -0.146856532 0.019581672 0.988963962 -0.104806803
0.988926411 0.022931404 0.146624386 -0.000065176 -0.018423557 0.999317110 -0.032028802 -0.389249980 -0.147258729 0.028972784 0.988673568 -0.105255224
0.988770247 0.015783194 0.148607880 0.000904885 -0.011139987 0.999424994 -0.032025438 -0.387694359 -0.149027884 0.030010311 0.988377512 -0.103098273
0.988370478 0.013976519 0.151421458 0.002582728 -0.010240745 0.999624312 -0.025423206 -0.377339005 -0.151719898 0.023576878 0.988142312 -0.100114748
0.987915754 0.016422288 0.154119313 0.006416626 -0.014452596 0.999799073 -0.013892092 -0.358319849 -0.154316485 0.011496793 0.987954557 -0.092639089
0.987691224 0.018904977 0.155269742 0.010385451 -0.019339580 0.999812126 0.001288778 -0.332530618 -0.155216202 -0.004275766 0.987871289 -0.083930291
0.988290906 0.017713942 0.151549831 0.015558543 -0.021239348 0.999539435 0.021675188 -0.301266432 -0.151096076 -0.024640210 0.988211930 -0.074247070
0.989084899 0.016452240 0.146425545 0.019872285 -0.023507716 0.998637676 0.046585456 -0.266460031 -0.145459622 -0.049519099 0.988124132 -0.064459667
0.989941359 0.009031674 0.141189575 0.023431391 -0.019497519 0.997147202 0.072919652 -0.226827726 -0.140128210 -0.074939020 0.987293363 -0.055182166
0.990848780 0.001110374 0.134972066 0.026302500 -0.014725600 0.994886696 0.099918067 -0.190201893 -0.134170964 -0.100991242 0.985798597 -0.046503451
0.991730034 -0.018513108 0.126999274 0.029131105 0.001361479 0.991003335 0.133830160 -0.126863271 -0.128334329 -0.132550478 0.982832968 -0.034903921
0.991960764 -0.024033515 0.124242701 0.029951207 0.006369904 0.990038157 0.140655369 -0.101724021 -0.126385450 -0.138733193 0.982232034 -0.030379416
0.992114484 -0.027805034 0.122211635 0.031168437 0.009776710 0.989279211 0.145708919 -0.082288787 -0.124952868 -0.143365115 0.981750071 -0.027693877
0.992252707 -0.026301747 0.121419914 0.032362211 0.007696386 0.988469422 0.151224881 -0.067175813 -0.123997353 -0.149118811 0.981013894 -0.025984980
0.992315710 -0.023326701 0.121513031 0.033200987 0.003542089 0.987021148 0.160551324 -0.057955217 -0.123681061 -0.158887178 0.979519188 -0.025543213
0.992310703 -0.020848786 0.122003496 0.034113545 -0.000911467 0.984453440 0.175643459 -0.057390735 -0.123768710 -0.174404085 0.976864636 -0.027112674
0.992107272 -0.020723136 0.123667546 0.034227252 -0.003068286 0.981941462 0.189160183 -0.067025661 -0.125354290 -0.188046649 0.974127710 -0.030754987
0.991669476 -0.020942397 0.127094850 0.033568315 -0.003929997 0.981315911 0.192363158 -0.086534485 -0.128748745 -0.191260159 0.973058760 -0.035356686
0.991186440 -0.016628880 0.131426677 0.032995407 -0.007853780 0.982969224 0.183602288 -0.114822932 -0.132241488 -0.183016285 0.974175155 -0.041500032
0.990542293 -0.008835764 0.136923134 0.032020085 -0.013994013 0.986214697 0.164878070 -0.149573460 -0.136492431 -0.165234804 0.976763666 -0.048750766
0.989603341 0.001742589 0.143813163 0.031291150 -0.022198524 0.989795089 0.140758544 -0.189482525 -0.142100275 -0.142487571 0.979543149 -0.055587240
0.988866329 0.011030892 0.148397103 0.030006900 -0.028482428 0.992841303 0.115995467 -0.233127639 -0.146055236 -0.118930727 0.982101500 -0.063926771
0.987529993 0.020354187 0.156109795 0.028086675 -0.035269540 0.995005846 0.093377821 -0.275141418 -0.153429538 -0.097719312 0.983316004 -0.072904922
0.986064792 0.025341580 0.164420247 0.026028318 -0.037588101 0.996710241 0.071804389 -0.317602545 -0.162059709 -0.076984026 0.983773410 -0.079939537
0.985158265 0.027483532 0.169433966 0.024009259 -0.036340803 0.998117864 0.049397651 -0.357779741 -0.167757437 -0.054821871 0.984302819 -0.087220527
0.985104501 0.024137156 0.170254156 0.021249181 -0.029685151 0.999105513 0.030116223 -0.392851651 -0.169374958 -0.034721646 0.984939873 -0.094363965
0.985533714 0.017487461 0.168574750 0.019433284 -0.020216018 0.999690711 0.014483283 -0.424089253 -0.168269336 -0.017681675 0.985582471 -0.101782538
0.985700011 0.013173899 0.167993903 0.018237039 -0.014011736 0.999894619 0.003802867 -0.443756640 -0.167926088 -0.006102372 0.985780716 -0.106483288
0.985842943 0.008300758 0.167465821 0.018877732 -0.008006994 0.999965012 -0.002429326 -0.454776853 -0.167480126 0.001054036 0.985874891 -0.107239656
0.985631406 0.005769271 0.168811992 0.019571552 -0.005471150 0.999982536 -0.002231082 -0.456479698 -0.168821916 0.001275429 0.985645771 -0.106019430
0.985831082 0.004468377 0.167681545 0.019804215 -0.004882905 0.999985933 0.002059888 -0.448747635 -0.167669997 -0.002849474 0.985839069 -0.103423893
0.986171484 0.005076478 0.165650353 0.021501517 -0.006856456 0.999924719 0.010175327 -0.431588292 -0.165586233 -0.011170391 0.986132026 -0.097432099
0.986048400 0.008284202 0.166252688 0.022381764 -0.011860539 0.999718904 0.020530151 -0.406123340 -0.166035876 -0.022215569 0.985869467 -0.088222265
0.985921562 0.006884435 0.167066574 0.024749387 -0.012550305 0.999380469 0.032881781 -0.373167008 -0.166736692 -0.034515593 0.985397160 -0.077657707
0.985395610 0.011330853 0.169903338 0.025689546 -0.019911075 0.998606086 0.048882075 -0.333779335 -0.169112638 -0.051551137 0.984247625 -0.065594152
0.985378444 0.007424279 0.170218199 0.027557077 -0.019432044 0.997428358 0.068986334 -0.293496102 -0.169268280 -0.071285330 0.982988656 -0.052859284
0.985485613 0.006135936 0.169647932 0.028823843 -0.022386532 0.995316267 0.094044238 -0.252477854 -0.168276310 -0.096477076 0.981007278 -0.043365803
0.985475600 0.000179066 0.169816971 0.030421831 -0.020930668 0.992502689 0.120417513 -0.213346571 -0.168522224 -0.122222908 0.978090882 -0.034421891
0.986169994 -0.008895206 0.165498003 0.031670045 -0.015551697 0.989186466 0.145836428 -0.175960213 -0.165005624 -0.146393299 0.975367725 -0.028323118
0.986883640 -0.015107760 0.160724789 0.032753676 -0.012672434 0.985288918 0.170426279 -0.141970605 -0.160935119 -0.170227677 0.972174048 -0.022565059
0.987854779 -0.026830142 0.153046027 0.033343930 -0.002882086 0.981645525 0.190692797 -0.116032220 -0.155353263 -0.188817874 0.969645917 -0.019530015
0.988424599 -0.036001693 0.147379309 0.033633869 0.005018769 0.978663564 0.205407888 -0.097595982 -0.151629791 -0.202290550 0.967515886 -0.018369785
0.988651514 -0.040425386 0.144685581 0.033843707 0.008525258 0.976659060 0.214626163 -0.087756149 -0.149984837 -0.210957006 0.965920150 -0.018284019
0.988813400 -0.039404348 0.143858746 0.034119189 0.006815664 0.975402713 0.220325068 -0.087105639 -0.149001971 -0.216879889 0.964759827 -0.019852780
0.988846362 -0.034679864 0.144845471 0.033686362 0.001532474 0.974831283 0.222938538 -0.096992016 -0.148931369 -0.220229983 0.964011490 -0.024061395
0.988920450 -0.034183204 0.144456968 0.032503687 0.001282329 0.975056827 0.221951544 -0.118652582 -0.148440778 -0.219307184 0.964297533 -0.029833991
0.988972008 -0.031983208 0.144607961 0.030500976 0.000022290 0.976435900 0.215807706 -0.149173528 -0.148102626 -0.213424563 0.965668440 -0.038098082
0.989184737 -0.028262705 0.143926278 0.028865330 -0.001217157 0.979644299 0.200737461 -0.187346309 -0.146669939 -0.198741615 0.969014823 -0.047239363
0.988728940 -0.021358205 0.148185506 0.026903253 -0.005618515 0.983781695 0.179282054 -0.231790975 -0.149611324 -0.178093940 0.972573400 -0.058154225
0.987851262 -0.017170286 0.154450729 0.026006186 -0.007103747 0.987849057 0.155254021 -0.280581057 -0.155239761 -0.154465064 0.975725949 -0.068821676
0.985949576 -0.011877277 0.166620404 0.025780335 -0.010165132 0.991354346 0.130817696 -0.329993546 -0.166733623 -0.130673379 0.977304637 -0.079380356
0.984093726 -0.010682276 0.177328646 0.024950787 -0.008220852 0.994382799 0.105523631 -0.374615103 -0.177459791 -0.105302937 0.978478074 -0.089446448
0.982341349 -0.011832125 0.186723053 0.023731463 -0.003285914 0.996753335 0.080448560 -0.415444702 -0.187068701 -0.079641506 0.979113162 -0.098274291
0.981951177 -0.018797174 0.188198283 0.022736056 0.008275461 0.998366177 0.056538057 -0.448979527 -0.188953549 -0.053960182 0.980502367 -0.104193576
0.982297301 -0.025801778 0.185543135 0.021669550 0.019323008 0.999141634 0.036642104 -0.474756598 -0.186329290 -0.032408189 0.981952667 -0.110908866
0.982995510 -0.025079856 0.181909025 0.022657121 0.021502059 0.999535143 0.021613941 -0.486728311 -0.182366535 -0.017334986 0.983077824 -0.112717040
0.983080626 -0.022382727 0.181800574 0.022159899 0.020588176 0.999718964 0.011752428 -0.490093678 -0.182012543 -0.007810643 0.983265162 -0.114448205
0.983105838 -0.018999195 0.182049140 0.023625407 0.018443594 0.999818623 0.004744568 -0.483184308 -0.182106256 -0.001306772 0.983277977 -0.111648843
0.983454168 -0.016584478 0.180396393 0.026133904 0.016635023 0.999860883 0.001232776 -0.466238081 -0.180391744 0.001788519 0.983593225 -0.104408592
0.984034657 -0.016148223 0.177242965 0.026534347 0.016009986 0.999869406 0.002210138 -0.442227274 -0.177255496 0.000662805 0.984164655 -0.097716197
0.984168053 -0.011024626 0.176894590 0.028360907 0.009194801 0.999895453 0.011160570 -0.410619050 -0.176999137 -0.009357367 0.984166503 -0.086968988
0.984332740 -0.005793468 0.176225573 0.029825866 0.001065666 0.999637246 0.026910948 -0.372777969 -0.176317558 -0.026301529 0.983981907 -0.076262236
0.983749568 0.001483151 0.179539800 0.032003894 -0.010500324 0.998729587 0.049283914 -0.329506516 -0.179238617 -0.050368257 0.982515454 -0.063705817
0.982776642 0.005491393 0.184715644 0.034666747 -0.020143958 0.996785522 0.077542283 -0.283931017 -0.183696061 -0.079927646 0.979728222 -0.052163560
0.982174993 0.002035083 0.187957704 0.036127653 -0.022514436 0.994016230 0.106886886 -0.239923269 -0.186615482 -0.109213389 0.976343751 -0.041112076
0.982639134 -0.004691738 0.185467780 0.035730805 -0.020606562 0.990734637 0.134239405 -0.199995264 -0.184379175 -0.135730743 0.973437965 -0.032511678
0.983703613 -0.011744214 0.179413795 0.034996334 -0.016492188 0.987763882 0.155082464 -0.162039921 -0.179039791 -0.155514106 0.971473157 -0.026689513
0.985025048 -0.017194508 0.171551600 0.035060339 -0.012760187 0.985015213 0.171994641 -0.129288107 -0.171938300 -0.171608075 0.970045328 -0.023157615
0.986339152 -0.020424208 0.163456216 0.034857869 -0.010718117 0.982223868 0.187407061 -0.103404410 -0.164378226 -0.186598852 0.968586922 -0.022020873
0.986819685 -0.020463506 0.160524547 0.035476591 -0.012793006 0.979002416 0.203446835 -0.085878931 -0.161317155 -0.202818930 0.965837061 -0.021521617
0.987161160 -0.020364556 0.158423871 0.036782321 -0.015349239 0.975154340 0.220994219 -0.078515120 -0.158988178 -0.220588610 0.962321877 -0.022920134
0.987389445 -0.022814816 0.156657472 0.038094357 -0.015015838 0.971602499 0.236142054 -0.083022095 -0.157596335 -0.235516518 0.959007502 -0.026143039
0.987667561 -0.026588043 0.154291451 0.038448259 -0.011862916 0.969933569 0.243080556 -0.100867800 -0.156115502 -0.241913125 0.957656503 -0.031229321
0.988493621 -0.026553892 0.148913771 0.037917487 -0.009792525 0.971171737 0.238179713 -0.128617585 -0.150945440 -0.236897364 0.959737003 -0.038143627
0.989055753 -0.013550419 0.146918893 0.038925432 -0.019865755 0.974475682 0.223612443 -0.165325150 -0.146198928 -0.224083826 0.963541567 -0.045461074
0.987844825 0.006941698 0.155288100 0.040568080 -0.038182564 0.979231060 0.199119717 -0.208572477 -0.150680706 -0.202628687 0.967593372 -0.054349784
0.986351967 0.020415049 0.163379878 0.041915894 -0.048148464 0.984671593 0.167641297 -0.257414401 -0.157453120 -0.173219815 0.972215712 -0.063235290
0.984812021 0.029859718 0.171036988 0.040065169 -0.053009428 0.989774227 0.132427156 -0.304612607 -0.165333763 -0.139482439 0.976324439 -0.072778054
0.983169556 0.031888872 0.179890946 0.037600730 -0.049726911 0.994182825 0.095539071 -0.351914793 -0.175797865 -0.102876522 0.979036033 -0.081586853
0.980979264 0.037629522 0.190430254 0.035417292 -0.050131693 0.996861756 0.061265048 -0.393048316 -0.187527269 -0.069646336 0.979787171 -0.090601191
0.979142904 0.039252590 0.199344888 0.033532780 -0.046772383 0.998355269 0.033152692 -0.427955210 -0.197715685 -0.041785058 0.979368448 -0.097543262
0.978038192 0.039026707 0.204739466 0.033052236 -0.042324230 0.999034822 0.011749936 -0.453826100 -0.204083294 -0.020157326 0.978745997 -0.103993885
0.977306962 0.040222976 0.207974032 0.032178111 -0.040316254 0.999179780 -0.003791946 -0.467544377 -0.207955971 -0.004678839 0.978127003 -0.107158192
0.977619767 0.038592987 0.206809536 0.032468062 -0.036829829 0.999244988 -0.012370232 -0.471649647 -0.207130805 0.004476625 0.978303015 -0.108069047
0.978118896 0.036454301 0.204827949 0.033487525 -0.034487244 0.999318421 -0.013166316 -0.467152685 -0.205168307 0.005814271 0.978709459 -0.105432376
0.979072094 0.029697720 0.201335296 0.034609139 -0.028519506 0.999554932 -0.008750833 -0.450852364 -0.201505557 0.002825713 0.979483306 -0.099525593
0.979402900 0.024198486 0.200460568 0.037172478 -0.024978947 0.999687076 0.001364563 -0.427807897 -0.200364813 -0.006343751 0.979700804 -0.089682169
0.979007721 0.018396797 0.202991366 0.039517194 -0.022078721 0.999629974 0.015888598 -0.396311551 -0.202623948 -0.020036848 0.979051590 -0.077211075
0.978938282 0.014424592 0.203646079 0.042631246 -0.021708399 0.999200284 0.033578485 -0.358465940 -0.202998862 -0.037292093 0.978468597 -0.064130478
0.979656160 0.012306510 0.200305641 0.045810468 -0.023013443 0.998422563 0.051212564 -0.318858027 -0.199359432 -0.054780427 0.978394032 -0.051662844
0.981932998 0.001366415 0.189223900 0.047114640 -0.013882532 0.997799456 0.064834885 -0.274524361 -0.188718915 -0.066290423 0.979791164 -0.038465627
0.984360456 -0.009565177 0.175906301 0.048111215 -0.004108405 0.997006834 0.077204175 -0.233374044 -0.176118255 -0.076719426 0.981374800 -0.025968136
0.986175418 -0.020037316 0.164488763 0.048243351 0.005713960 0.996183753 0.087093391 -0.193807021 -0.165606156 -0.084949479 0.982526422 -0.014019442
0.987404048 -0.026782108 0.155935779 0.047865286 0.011883852 0.995339215 0.095700435 -0.157658324 -0.157772064 -0.092641875 0.983120263 -0.004222294
0.988595366 -0.032223735 0.147108227 0.047062147 0.016890483 0.994400978 0.104314096 -0.125237659 -0.149645954 -0.100639701 0.983604491 0.003848162
0.989433050 -0.032418888 0.141319558 0.046210203 0.016715903 0.993688881 0.110918984 -0.097841077 -0.144023538 -0.107384630 0.983730555 0.010730921
0.990158498 -0.032170694 0.136202857 0.045375541 0.016712042 0.993436813 0.113154612 -0.076482303 -0.138949186 -0.109764770 0.984197557 0.016613420
0.990719616 -0.028385792 0.132924572 0.044801623 0.013029786 0.993280172 0.114998907 -0.060576387 -0.135295689 -0.112199694 0.984431982 0.022881351
0.991357028 -0.022674836 0.129217058 0.045135733 0.007543233 0.993172765 0.116408721 -0.049305320 -0.130974412 -0.114427894 0.984759867 0.028297741
0.992530107 -0.017878853 0.120682888 0.045004863 0.003827176 0.993279636 0.115675986 -0.041489448 -0.121940002 -0.114350021 0.985928357 0.031755682
0.993691087 -0.014631082 0.111193575 0.044309847 0.002103998 0.993711412 0.111952052 -0.036317680 -0.112132303 -0.111011796 0.987472892 0.033381373
0.994560063 -0.014239557 0.103186645 0.043561537 0.003116886 0.994236827 0.107160784 -0.032030307 -0.104117878 -0.106256217 0.988872647 0.035607424
0.994920015 -0.012807792 0.099850684 0.042690467 0.002693768 0.994905591 0.100775085 -0.028987274 -0.100632712 -0.099994175 0.989885986 0.037204444
