0.999430180 0.010853444 0.031960294 0.716711044 -0.010219617 0.999749184 -0.019928725 -0.826198161 -0.032168571 0.019590747 0.999290466 -0.175916567
0.999457002 0.010737715 0.031151542 0.716682255 -0.010132601 0.999758184 -0.019518120 -0.826487422 -0.031353589 0.019191874 0.999324083 -0.175249681
0.999415100 0.011775771 0.032105431 0.717017174 -0.011132643 0.999735236 -0.020137468 -0.826054931 -0.032334067 0.019768272 0.999281585 -0.175931185
0.999429703 0.010896193 0.031961620 0.716746926 -0.010261625 0.999748290 -0.019951342 -0.826187849 -0.032170970 0.019611984 0.999289930 -0.175900847
0.999410450 0.011406003 0.032383420 0.716822922 -0.010772089 0.999748230 -0.019682687 -0.826108932 -0.032599770 0.019322246 0.999281704 -0.176886350
0.999404669 0.012104945 0.032306761 0.717087507 -0.011470059 0.999738872 -0.019765297 -0.825990796 -0.032537580 0.019382970 0.999282539 -0.175553530
0.999414563 0.011468655 0.032233052 0.717139840 -0.010840661 0.999749303 -0.019590607 -0.826128244 -0.032449652 0.019229712 0.999288380 -0.177513227
0.999428809 0.010943742 0.031974021 0.716670632 -0.010307544 0.999746919 -0.019994898 -0.825840175 -0.032184750 0.019653903 0.999288678 -0.176313996
0.999416649 0.011628171 0.032112166 0.716937721 -0.010992821 0.999741733 -0.019891500 -0.825967550 -0.032335173 0.019526893 0.999286294 -0.175700903
0.999391615 0.012428568 0.032587070 0.717242002 -0.011791151 0.999736786 -0.019680170 -0.826081634 -0.032823090 0.019283960 0.999275148 -0.177274212
0.999374151 0.013811936 0.032566089 0.717131317 -0.013166582 0.999714315 -0.019948604 -0.826135099 -0.032832313 0.019507334 0.999270499 -0.175597608
0.999420524 0.011864042 0.031904507 0.717022359 -0.011236979 0.999741554 -0.019762365 -0.826252282 -0.032130726 0.019392403 0.999295533 -0.175707027
0.999440074 0.010959655 0.031614102 0.716903150 -0.010342509 0.999754012 -0.019619126 -0.826139987 -0.031821344 0.019281171 0.999307573 -0.177444056
0.999429464 0.011228073 0.031853519 0.716494203 -0.010603435 0.999749482 -0.019711297 -0.826031268 -0.032066859 0.019362295 0.999298155 -0.175664574
0.999442637 0.010376826 0.031728510 0.716314018 -0.009744419 0.999752045 -0.020021886 -0.825860381 -0.031928405 0.019701550 0.999295950 -0.176223665
0.999417663 0.011591563 0.032093432 0.716911554 -0.010958595 0.999743342 -0.019828795 -0.826175809 -0.032315042 0.019465549 0.999288142 -0.175532073
0.999429345 0.010843511 0.031990912 0.716816485 -0.010222880 0.999757588 -0.019500418 -0.826143146 -0.032194611 0.019162251 0.999297917 -0.175940648
0.999453664 0.010300111 0.031404752 0.716468513 -0.009680170 0.999756515 -0.019828912 -0.826133251 -0.031601347 0.019514075 0.999310017 -0.176083744
0.999445260 0.011135600 0.031388335 0.716570139 -0.010519291 0.999749959 -0.019732168 -0.825996935 -0.031600215 0.019391039 0.999312460 -0.175742969
0.999412477 0.011494186 0.032289732 0.716583967 -0.010862838 0.999747694 -0.019660458 -0.826063275 -0.032507565 0.019298149 0.999285161 -0.176585361
0.999426961 0.010622209 0.032139070 0.716872036 -0.009982943 0.999750435 -0.019986143 -0.826092303 -0.032343343 0.019653847 0.999283552 -0.175485671
0.999444902 0.010173104 0.031724073 0.716424406 -0.009541345 0.999754429 -0.020002374 -0.825984061 -0.031919770 0.019688580 0.999296486 -0.176313639
0.999445021 0.010538266 0.031600308 0.716540635 -0.009918887 0.999756873 -0.019693509 -0.826093733 -0.031800158 0.019369140 0.999306560 -0.175503552
0.999431551 0.011224840 0.031788785 0.716983676 -0.010600609 0.999749005 -0.019737765 -0.826236784 -0.032002360 0.019389564 0.999299705 -0.175528556
0.999434710 0.010959565 0.031783137 0.716570377 -0.010331930 0.999749660 -0.019844871 -0.825875580 -0.031992674 0.019505270 0.999297738 -0.176249534
0.999442160 0.010700597 0.031635679 0.716609597 -0.010075695 0.999752283 -0.019846948 -0.826121330 -0.031840216 0.019517126 0.999302387 -0.175542608
0.999417245 0.011276416 0.032217339 0.716912210 -0.010644088 0.999748647 -0.019731512 -0.826097608 -0.032431744 0.019377090 0.999286115 -0.175740018
0.999431491 0.010400898 0.032070443 0.716869295 -0.009762706 0.999752462 -0.019992465 -0.826077461 -0.032270446 0.019668005 0.999285638 -0.175629660
0.999431849 0.011322685 0.031744789 0.716875315 -0.010701485 0.999749243 -0.019670632 -0.826152325 -0.031959556 0.019319739 0.999302447 -0.175479740
0.999409199 0.012564770 0.031990532 0.717344582 -0.011933733 0.999731898 -0.019840837 -0.826088309 -0.032231253 0.019447347 0.999291241 -0.175321296
0.999392629 0.012517882 0.032522827 0.716901541 -0.011873637 0.999730945 -0.019927170 -0.826034129 -0.032763522 0.019528903 0.999272346 -0.175834879
0.999370456 0.013328217 0.032879122 0.716776133 -0.012682261 0.999723971 -0.019777315 -0.825891972 -0.033133645 0.019347882 0.999263644 -0.175811440
0.999391258 0.012650250 0.032512851 0.716942608 -0.012009283 0.999731123 -0.019834513 -0.826061606 -0.032755021 0.019431982 0.999274492 -0.175716341
0.999391615 0.012717104 0.032475166 0.716996431 -0.012070411 0.999726474 -0.020032454 -0.825947225 -0.032721039 0.019628279 0.999271750 -0.175714180
0.999384820 0.013227769 0.032481357 0.717110217 -0.012586798 0.999723554 -0.019859353 -0.826115727 -0.032735072 0.019438298 0.999275029 -0.175636083
0.999384165 0.012877053 0.032642078 0.716810584 -0.012231224 0.999727011 -0.019908214 -0.825951517 -0.032889526 0.019496700 0.999268830 -0.176110461
0.999423385 0.011447313 0.031967040 0.716220856 -0.010809374 0.999740362 -0.020058146 -0.826249421 -0.032188352 0.019701036 0.999287665 -0.176603705
0.999403954 0.011944086 0.032390054 0.717051327 -0.011305450 0.999739468 -0.019829027 -0.825861871 -0.032618456 0.019451024 0.999278605 -0.176236525
0.999381363 0.013076379 0.032647293 0.716779113 -0.012429745 0.999724090 -0.019931676 -0.826081455 -0.032898922 0.019513549 0.999268174 -0.175618425
0.999395549 0.012740159 0.032344837 0.716888607 -0.012104694 0.999731362 -0.019766951 -0.826154470 -0.032587979 0.019363480 0.999281287 -0.176115721
0.999354899 0.014260474 0.032960787 0.717002153 -0.013610169 0.999709904 -0.019870497 -0.825789571 -0.033234589 0.019409077 0.999259114 -0.176200375
0.999349833 0.014325849 0.033085689 0.716856599 -0.013677793 0.999711752 -0.019731164 -0.825709879 -0.033358816 0.019265797 0.999257743 -0.176476553
0.999385893 0.012680006 0.032665428 0.716942728 -0.012032190 0.999728501 -0.019952692 -0.825771809 -0.032909561 0.019547401 0.999267161 -0.176468149
0.999405921 0.011920767 0.032338053 0.716887534 -0.011281507 0.999738753 -0.019878991 -0.826091528 -0.032566577 0.019502359 0.999279261 -0.175734609
0.999398112 0.012217114 0.032467037 0.716806829 -0.011569063 0.999731541 -0.020073695 -0.826191247 -0.032703564 0.019686000 0.999271214 -0.175568089
0.999405622 0.012015751 0.032311670 0.716645718 -0.011370169 0.999733508 -0.020089900 -0.826116621 -0.032544456 0.019710569 0.999275923 -0.176281258
0.999403536 0.011085124 0.032706574 0.716640532 -0.010414477 0.999733448 -0.020604534 -0.826464832 -0.032926261 0.020251622 0.999252558 -0.176242307
0.999369562 0.012263478 0.033318248 0.716799438 -0.011572721 0.999715686 -0.020846404 -0.826735973 -0.033564426 0.020447679 0.999227345 -0.176143989
0.999407172 0.009110731 0.033201132 0.716305554 -0.008442632 0.999760151 -0.020207703 -0.827116251 -0.033377279 0.019915419 0.999244392 -0.176061854
0.999394536 0.008597862 0.033714782 0.716125846 -0.007943007 0.999778092 -0.019509446 -0.828071177 -0.033875041 0.019229835 0.999241054 -0.175395787
0.999387085 0.010115624 0.033513084 0.716277897 -0.009420614 0.999738634 -0.020831866 -0.827978373 -0.033715054 0.020503383 0.999221146 -0.175716177
0.999522686 0.007281927 0.030022232 0.715902507 -0.006582066 0.999705791 -0.023344697 -0.828478396 -0.030183394 0.023135947 0.999276578 -0.177119911
0.999475300 0.009116215 0.031080129 0.716327131 -0.008379132 0.999682486 -0.023763856 -0.828623712 -0.031286895 0.023490964 0.999234378 -0.178694174
0.999237001 0.015315035 0.035927817 0.717276514 -0.014465209 0.999612212 -0.023795575 -0.829082787 -0.036278315 0.023257716 0.999071062 -0.178878337
0.999027610 0.020101339 0.039239496 0.717799544 -0.019227209 0.999561310 -0.022528494 -0.830268800 -0.039675135 0.021752121 0.998975813 -0.179979101
0.998865902 0.022209220 0.042114578 0.718238473 -0.021370787 0.999566436 -0.020255191 -0.833719969 -0.042546172 0.019332198 0.998907447 -0.181868061
0.998525023 0.022250906 0.049524456 0.718910575 -0.021441059 0.999628544 -0.016824134 -0.838076353 -0.049880411 0.015737463 0.998631179 -0.183776811
0.998268723 0.020950252 0.054959998 0.719233453 -0.020375637 0.999731958 -0.010994796 -0.842135668 -0.055175610 0.009855916 0.998428047 -0.185766056
0.998363733 0.018257806 0.054189056 0.718893945 -0.018171333 0.999832690 -0.002088076 -0.846250832 -0.054218117 0.001099973 0.998528540 -0.187622309
0.998184800 0.014759470 0.058388926 0.719993412 -0.015237254 0.999853909 0.007746023 -0.848368466 -0.058266070 -0.008621649 0.998263836 -0.188349321
0.997982025 0.010815420 0.062569618 0.721451044 -0.011901184 0.999784529 0.017006299 -0.850052714 -0.062372208 -0.017716633 0.997895718 -0.189037308
0.997659385 0.009041270 0.067779437 0.723208010 -0.010640861 0.999672413 0.023276187 -0.854037762 -0.067546785 -0.023942938 0.997428775 -0.189789191
0.997242868 0.011401139 0.073326044 0.725390434 -0.013383399 0.999556601 0.026599213 -0.858727634 -0.072990268 -0.027507227 0.996953249 -0.192198768
0.996885657 0.012192518 0.077912658 0.727081835 -0.014379165 0.999516547 0.027566247 -0.867190719 -0.077538893 -0.028600713 0.996578991 -0.195674449
0.996415854 0.012147369 0.083712891 0.728183389 -0.014475228 0.999523640 0.027257022 -0.878596246 -0.083341911 -0.028371092 0.996117055 -0.200502962
0.995515645 0.010904329 0.093966328 0.729109645 -0.013756102 0.999462545 0.029754775 -0.893976867 -0.093591370 -0.030913955 0.995130658 -0.205237046
0.994513154 0.007953473 0.104309060 0.729394495 -0.011716250 0.999300599 0.035510376 -0.914197206 -0.103953682 -0.036537647 0.993910789 -0.210819900
0.993795931 0.003722582 0.111156546 0.728422284 -0.008330368 0.999123693 0.041017532 -0.939140677 -0.110906452 -0.041689031 0.992956102 -0.218205959
0.992871642 0.003718817 0.119130470 0.727015674 -0.008976494 0.999007523 0.043627627 -0.968286574 -0.118849993 -0.044386011 0.991919637 -0.226011008
0.992100835 0.005225998 0.125334024 0.724814236 -0.010668027 0.999027193 0.042788424 -0.998646498 -0.124988481 -0.043787498 0.991191447 -0.235247076
0.990878820 0.012173892 0.134204820 0.723011434 -0.017836230 0.998997033 0.041070517 -1.029949784 -0.133570224 -0.043089613 0.990102172 -0.243683457
0.989199221 0.019999094 0.145206720 0.720571995 -0.025804082 0.998936713 0.038204480 -1.060799837 -0.144288272 -0.041538768 0.988663435 -0.252859443
0.987207830 0.028953750 0.156787753 0.719921172 -0.034478310 0.998872578 0.032631066 -1.093250036 -0.155666202 -0.037619419 0.987093091 -0.259007722
0.984987676 0.037545361 0.168492287 0.717299879 -0.041513193 0.998935997 0.020087406 -1.123692870 -0.167558819 -0.026780499 0.985498250 -0.266729504
0.984215617 0.041634791 0.172006249 0.715180635 -0.043024674 0.999064505 0.004358635 -1.152320743 -0.171663865 -0.011690348 0.985086203 -0.273485452
0.983852923 0.044999652 0.173229367 0.712419391 -0.043386597 0.998972595 -0.013088930 -1.176846147 -0.173640385 0.005361750 0.984794557 -0.280256689
0.983576179 0.046937719 0.174283624 0.710222423 -0.042200059 0.998634577 -0.030792665 -1.196724772 -0.175490990 0.022932151 0.984213889 -0.285607219
0.983068287 0.043683950 0.177956402 0.708570302 -0.036378499 0.998364031 -0.044111568 -1.210107684 -0.179592237 0.036890898 0.983049154 -0.288821608
0.983332217 0.034661427 0.178483367 0.707285643 -0.025776723 0.998321652 -0.051860128 -1.216248393 -0.179981351 0.046395019 0.982575297 -0.289855540
0.983155131 0.028107744 0.180598944 0.707406282 -0.019007670 0.998470187 -0.051923107 -1.213760495 -0.181782097 0.047615703 0.982185304 -0.288133055
0.982715845 0.025743078 0.183321595 0.709409475 -0.017644363 0.998800635 -0.045672789 -1.202754140 -0.184277490 0.041648783 0.981991470 -0.283811957
0.982109249 0.027523817 0.186289623 0.712916076 -0.021476863 0.999177337 -0.034401000 -1.183653951 -0.187083215 0.029784624 0.981892407 -0.277177721
0.981789231 0.029616162 0.187650695 0.717569590 -0.026448514 0.999462664 -0.019362478 -1.157137871 -0.188123301 0.014046791 0.982044935 -0.268576860
0.982473195 0.028386537 0.184229791 0.722708285 -0.028994454 0.999579370 0.000606182 -1.125446677 -0.184135094 -0.005937200 0.982883036 -0.258292019
0.983537078 0.026247410 0.178790152 0.732573032 -0.031303465 0.999184191 0.025516624 -1.092771888 -0.177974552 -0.030693296 0.983556271 -0.244846985
0.984560668 0.018507011 0.174062580 0.736597180 -0.028066855 0.998220026 0.052621607 -1.055731416 -0.172778890 -0.056694552 0.983327627 -0.234981030
0.985677719 0.010444932 0.168316245 0.739594162 -0.024082270 0.996568918 0.079185851 -1.019424796 -0.166911647 -0.082105167 0.982547343 -0.226387277
0.986168504 0.000094180 0.165745825 0.741812766 -0.016998500 0.994784355 0.100573868 -0.985134840 -0.164871886 -0.102000207 0.981026590 -0.219229639
0.987027049 -0.009934701 0.160246491 0.743970752 -0.008419231 0.993507862 0.113451540 -0.955667615 -0.160333261 -0.113328889 0.980535448 -0.212839484
0.987402797 -0.015574379 0.157458574 0.745222449 -0.003533544 0.992725253 0.120349810 -0.930086434 -0.158187479 -0.119390123 0.980164647 -0.208278492
0.987668514 -0.019207606 0.155376911 0.747049510 -0.000323490 0.992193103 0.124710672 -0.910367131 -0.156559289 -0.123223066 0.979951680 -0.204360485
0.987833142 -0.017776476 0.154498115 0.748662353 -0.002569768 0.991444230 0.130505696 -0.895364881 -0.155496195 -0.129314885 0.979335785 -0.201931879
0.987794161 -0.015092897 0.155032009 0.748759627 -0.006794204 0.990172505 0.139686301 -0.885549545 -0.155616701 -0.139034629 0.977984071 -0.202219784
0.987727046 -0.013184440 0.155632287 0.748405457 -0.011219257 0.987867832 0.154891074 -0.883684695 -0.155786291 -0.154736191 0.975595891 -0.205282047
0.987428129 -0.013389450 0.157500446 0.748419940 -0.013480997 0.985642135 0.168308884 -0.892855167 -0.157492638 -0.168316185 0.973070264 -0.208686411
0.986890197 -0.012899812 0.160876885 0.748040617 -0.015116543 0.985030591 0.171715647 -0.912713110 -0.160683751 -0.171896383 0.971921980 -0.213606596
0.986220658 -0.009158409 0.165181667 0.747044802 -0.018157331 0.986442208 0.163101509 -0.941398025 -0.164435908 -0.163853332 0.972683370 -0.219904125
0.985377729 -0.001020215 0.170380875 0.745538235 -0.023897564 0.989269793 0.144132376 -0.976153016 -0.168699697 -0.146096528 0.974780083 -0.227138266
0.984115303 0.010576624 0.177215040 0.744101048 -0.032258023 0.992259860 0.119915634 -1.015924692 -0.174575076 -0.123727418 0.976839304 -0.235327020
0.983180940 0.019992430 0.181536749 0.742080390 -0.037726481 0.994784296 0.094767585 -1.057933688 -0.178695276 -0.100022428 0.978807211 -0.244083390
0.981491625 0.030036038 0.189134970 0.740067720 -0.044348441 0.996425331 0.071900807 -1.100568295 -0.186299264 -0.078957878 0.979315162 -0.252733946
0.979766548 0.035500683 0.196970090 0.738890588 -0.046153013 0.997694492 0.049755499 -1.143466711 -0.194749609 -0.057839535 0.979146123 -0.260112286
0.978747785 0.037400696 0.201628312 0.735711694 -0.044037353 0.998622477 0.028529152 -1.183330774 -0.200283542 -0.036802020 0.979046524 -0.269200891
0.978752851 0.034555431 0.202110887 0.732177138 -0.037225053 0.999262512 0.009421474 -1.218573570 -0.201636255 -0.016744882 0.979317307 -0.276787519
0.979270697 0.029032707 0.200464487 0.728880048 -0.028313531 0.999578238 -0.006454269 -1.247576833 -0.200567320 0.000644620 0.979679704 -0.283437908
0.979513824 0.025392169 0.199769780 0.728489876 -0.022454824 0.999604046 -0.016956048 -1.269492745 -0.200121239 0.012122888 0.979696155 -0.288294971
0.979754865 0.020530539 0.199145317 0.727556169 -0.016314572 0.999607205 -0.022788353 -1.281205297 -0.199534953 0.019078031 0.979704976 -0.290246159
0.979471326 0.018041527 0.200774670 0.727868974 -0.013750318 0.999646664 -0.022747446 -1.282546282 -0.201114133 0.019519754 0.979373336 -0.288982540
0.979752719 0.016314408 0.199545577 0.728352129 -0.012949102 0.999751270 -0.018158417 -1.274196982 -0.199792191 0.015206823 0.979720294 -0.285177261
0.980070472 0.016930863 0.197927445 0.729093611 -0.015158380 0.999830306 -0.010467016 -1.256101966 -0.198071077 0.007258154 0.980160773 -0.278684229
0.979864597 0.019686962 0.198690131 0.730569124 -0.019985067 0.999800146 -0.000505147 -1.229697585 -0.198660374 -0.003475860 0.980062246 -0.269383222
0.979666412 0.018161034 0.199809700 0.732466757 -0.020879999 0.999715745 0.011508759 -1.196739554 -0.199543893 -0.015446771 0.979767144 -0.258010805
0.978963554 0.022130391 0.202831402 0.733680308 -0.028285757 0.999221563 0.027498515 -1.157409310 -0.202064961 -0.032657284 0.978827477 -0.245565653
0.979069889 0.017474538 0.202772707 0.740920067 -0.027716367 0.998473287 0.047779616 -1.121228576 -0.201628208 -0.052399706 0.978059471 -0.232452124
0.979230404 0.014713450 0.202215999 0.742549598 -0.029990295 0.996903419 0.072692186 -1.079961896 -0.200520277 -0.077246912 0.976639390 -0.222098723
0.979124606 0.009163461 0.203054279 0.744966924 -0.029801834 0.994659305 0.098816864 -1.040395617 -0.201064318 -0.102805413 0.974168479 -0.212282449
0.979894638 0.000745493 0.199514240 0.746297240 -0.026100928 0.991878033 0.124485977 -1.003151774 -0.197800979 -0.127190650 0.971955419 -0.205434054
0.980831981 -0.006749092 0.194738537 0.747813463 -0.022737963 0.988608003 0.148785785 -0.969620049 -0.193524256 -0.150361821 0.969504893 -0.200051904
0.982080281 -0.018026618 0.187598884 0.748295069 -0.014206686 0.985501647 0.169070125 -0.942501426 -0.187926769 -0.168705598 0.967585623 -0.197248086
0.982921541 -0.027658731 0.181934819 0.748565853 -0.006357435 0.982946873 0.183779687 -0.924040198 -0.183915377 -0.181797653 0.965983808 -0.195580006
0.983262718 -0.031664688 0.179420561 0.748364687 -0.003598725 0.981213927 0.192889407 -0.913480103 -0.182157725 -0.190306649 0.964677095 -0.196043998
0.983396828 -0.030718677 0.178849220 0.748216093 -0.005470413 0.980102062 0.198418677 -0.912723958 -0.181385651 -0.196102679 0.963661253 -0.198213845
0.983357608 -0.026009131 0.179809138 0.747714758 -0.010897078 0.979474247 0.201274559 -0.922702074 -0.181353405 -0.199884266 0.962890029 -0.202547103
0.996375024 0.080698155 -0.026917858 1.287716031 -0.074653953 0.981168926 0.178141356 -1.019548416 0.040786643 -0.175486073 0.983636677 0.503617406
0.996506929 0.080233313 -0.023163198 1.285241842 -0.075764202 0.985266268 0.153330326 -1.066490293 0.035124116 -0.151039794 0.987903476 0.492282450
0.996591568 0.081396013 -0.013415986 1.284176230 -0.079029202 0.988659978 0.127694219 -1.116017461 0.023657650 -0.126198724 0.991722822 0.481821328
0.997079372 0.076211266 -0.004960987 1.282250643 -0.075323731 0.992037833 0.100931950 -1.155074239 0.012613637 -0.100263484 0.994880974 0.475539565
0.997497141 0.070661783 0.002521545 1.279803991 -0.070652209 0.994693100 0.074792363 -1.191833615 0.002776798 -0.074783325 0.997195959 0.462515771
0.998253822 0.059032779 0.002111065 1.278134465 -0.059061568 0.996843219 0.053059295 -1.238586903 0.001027837 -0.053091329 0.998589158 0.454597473
0.998857677 0.047737315 -0.002126903 1.275468588 -0.047640551 0.998312473 0.033205822 -1.263479590 0.003708470 -0.033066563 0.999446273 0.447946459
0.998928487 0.045790181 -0.006720492 1.277834654 -0.045662224 0.998793006 0.018096447 -1.274048448 0.007541020 -0.017770184 0.999813676 0.446063936
0.998891294 0.046428736 -0.007779241 1.278098583 -0.046361730 0.998887837 0.008583077 -1.278579473 0.008169091 -0.008212902 0.999932885 0.443437308
0.998767674 0.049016070 -0.007778609 1.276983500 -0.049004301 0.998797119 0.001696041 -1.272043467 0.007852386 -0.001312765 0.999968290 0.448313922
0.998626292 0.051543161 -0.009424511 1.279297829 -0.051556412 0.998669386 -0.001168654 -1.255449295 0.009351735 0.001652943 0.999954879 0.454309344
0.998627424 0.050675299 -0.013240037 1.281655073 -0.050669048 0.998715162 0.000807340 -1.234183788 0.013263937 -0.000135372 0.999912024 0.463445216
0.998248994 0.057593886 -0.013485163 1.285195827 -0.057461448 0.998297513 0.010010893 -1.202959418 0.014038771 -0.009218487 0.999858975 0.473216176
0.997766256 0.065504849 -0.013098442 1.286577225 -0.065160260 0.997556567 0.025200503 -1.159803152 0.014717191 -0.024290713 0.999596596 0.485167742
0.996866226 0.078790404 -0.007054792 1.287451148 -0.078387581 0.995870411 0.045798298 -1.117144465 0.010634125 -0.045101769 0.998925805 0.499738842
0.996099353 0.088236667 0.000640022 1.289741993 -0.088040024 0.993340313 0.074323595 -1.074318290 0.005922307 -0.074090034 0.997233987 0.508680642
0.995904863 0.090127684 0.007108767 1.290544987 -0.090376303 0.990408957 0.104509525 -1.033212781 0.002378613 -0.104724005 0.994498491 0.517313182
0.996144533 0.087460726 0.006830379 1.290580630 -0.087598555 0.987453818 0.131382748 -0.990810633 0.004746147 -0.131474540 0.991308212 0.525457859
0.996389270 0.084858604 0.002727856 1.291195393 -0.084269501 0.984534860 0.153589398 -0.957629442 0.010347711 -0.153264701 0.988130987 0.529378176
0.996824563 0.079457223 -0.005228416 1.294115663 -0.077445388 0.982667744 0.168423131 -0.913203239 0.018520230 -0.167483389 0.985700905 0.535105407
0.996475101 0.083218895 -0.010583994 1.296539068 -0.079856440 0.979639530 0.184199333 -0.890679181 0.025697364 -0.182704851 0.982831895 0.540096104
0.996265531 0.085433029 -0.012495871 1.298439980 -0.081201635 0.976278961 0.200712889 -0.872582793 0.029346963 -0.198948652 0.979570389 0.539631307
0.995940268 0.089164421 -0.012354583 1.300491929 -0.084327921 0.972190678 0.218481347 -0.866061866 0.031491775 -0.216552541 0.975762904 0.538562953
0.995890319 0.089810416 -0.011686254 1.301430464 -0.084602728 0.968576610 0.233884096 -0.871345222 0.032324258 -0.231934220 0.972194254 0.534976542
0.996203542 0.085907094 -0.014089128 1.301864266 -0.080004305 0.967255771 0.240864247 -0.888439476 0.034319740 -0.238822609 0.970456541 0.530961275
0.996035457 0.086709574 -0.019870216 1.300760269 -0.079601385 0.968475759 0.236047387 -0.915946603 0.039711390 -0.233529866 0.971538365 0.524111748
0.994923413 0.097849943 -0.023510419 1.300550938 -0.090193063 0.970643222 0.222973108 -0.954019845 0.044638131 -0.219720691 0.974541068 0.516018271
0.993168950 0.115399711 -0.017274031 1.300291061 -0.109670497 0.973731458 0.199547932 -0.998507380 0.039848041 -0.196290359 0.979735792 0.507536173
0.994505286 0.101954937 -0.023756893 1.326874018 -0.097525410 0.984795630 0.143757924 -0.942271292 0.038052514 -0.140651122 0.989327669 0.523665726
0.993658185 0.111420274 -0.015129717 1.318399549 -0.108982153 0.987443626 0.114359178 -0.999056160 0.027681673 -0.111985065 0.993324280 0.501808345
0.992933571 0.118630134 -0.003124218 1.295241237 -0.117840990 0.988753617 0.092085548 -1.140245557 0.014013203 -0.091066673 0.995746195 0.480328530
0.992952883 0.118436866 0.004152633 1.292554379 -0.118479557 0.991301656 0.057303309 -1.181923270 0.002670312 -0.057391487 0.998348176 0.472844988
0.993243039 0.115473367 0.011583821 1.289671421 -0.115763582 0.992862821 0.028673952 -1.217809916 -0.008190067 -0.029821187 0.999521673 0.465515673
0.993770361 0.110227354 0.016443081 1.284871101 -0.110351324 0.993869185 0.006829981 -1.243213773 -0.015589420 -0.008601948 0.999841452 0.457557440
0.993780196 0.109887704 0.018045597 1.285382152 -0.109768026 0.993928969 -0.007496507 -1.264770031 -0.018759815 0.005469051 0.999809086 0.457329690
0.994416952 0.104232073 0.016449647 1.286658287 -0.103958338 0.994441390 -0.016702648 -1.262166500 -0.018099163 0.014899319 0.999725163 0.453317314
0.994755566 0.101306811 0.014081022 1.288306952 -0.101049483 0.994719982 -0.017922398 -1.254683614 -0.015822334 0.016405525 0.999740243 0.458297938
0.995371521 0.095459476 0.011089556 1.287209868 -0.095312066 0.995360732 -0.013138247 -1.240131736 -0.012292279 0.012020469 0.999852180 0.466140658
0.995755672 0.091370225 0.011048625 1.289576411 -0.091344327 0.995815337 -0.002827723 -1.216817260 -0.011260760 0.001806492 0.999934971 0.473090500
0.996018887 0.087986596 0.014308560 1.293075442 -0.088144213 0.996049345 0.010784829 -1.182107449 -0.013303110 -0.012003110 0.999839485 0.489100814
0.995942652 0.088519000 0.016204424 1.296609402 -0.088956788 0.995623291 0.028651789 -1.146709085 -0.013597275 -0.029977033 0.999458075 0.499677420
0.995927751 0.089100026 0.013750785 1.300964117 -0.089648359 0.994890392 0.046436090 -1.106090903 -0.009543067 -0.047479726 0.998826623 0.515220046
0.996779919 0.080110118 0.003489956 1.302772641 -0.080173016 0.994886696 0.061422892 -1.064562559 0.001448483 -0.061504904 0.998105705 0.528266549
0.997392178 0.071617775 -0.008926418 1.303614974 -0.070753336 0.994682014 0.074844159 -1.025899053 0.014239118 -0.074017406 0.997155309 0.539673328
0.997857809 0.062220655 -0.020208322 1.305361748 -0.060306907 0.994599700 0.084466338 -0.982111752 0.025354741 -0.083066694 0.996221364 0.555025578
0.997829199 0.060071636 -0.026987737 1.302432895 -0.057298582 0.993935049 0.093861483 -0.945856035 0.032462470 -0.092111364 0.995219409 0.559174955
0.997820377 0.055886339 -0.035087846 1.302610159 -0.052017931 0.993334353 0.102863774 -0.910830855 0.040602643 -0.100814380 0.994076371 0.568481028
0.997562647 0.056990497 -0.040260483 1.301410794 -0.052282982 0.992598236 0.109614156 -0.885009587 0.046209447 -0.107242040 0.993158519 0.573641241
0.997279167 0.058287840 -0.045131013 1.300823212 -0.052919254 0.992278516 0.112173520 -0.862926483 0.051320884 -0.109480008 0.992663205 0.579827666
0.996903241 0.061948832 -0.048438039 1.300377965 -0.056084067 0.991866410 0.114261046 -0.846701682 0.055122402 -0.111190610 0.992269218 0.585409999
0.996321559 0.068208657 -0.051874734 1.300288677 -0.061832093 0.991333127 0.115911044 -0.835302889 0.059331279 -0.112277150 0.991904020 0.590245485
0.995475173 0.073159009 -0.060637482 1.300343633 -0.065776564 0.991081119 0.115894951 -0.827437341 0.068575419 -0.111382023 0.991408825 0.593531609
0.994661987 0.075545914 -0.070287652 1.299642444 -0.067310497 0.991318345 0.112948120 -0.822009027 0.078210205 -0.107614100 0.991111696 0.595580399
0.994099021 0.074924737 -0.078444049 1.298852682 -0.066179842 0.991870046 0.108692609 -0.818055570 0.085950062 -0.102859803 0.990975499 0.597705245
0.993748307 0.075192109 -0.082525186 1.298018575 -0.066580534 0.992496312 0.102557808 -0.814725935 0.089617476 -0.096422076 0.991297901 0.599813163
0.993201435 0.079150453 -0.085358508 1.297391772 -0.070844352 0.992827952 0.096300483 -0.811630726 0.092368536 -0.089598611 0.991685510 0.601788878
0.992693722 0.081316777 -0.089144640 1.296950579 -0.073147595 0.993127286 0.091365553 -0.808244050 0.095961526 -0.084177300 0.991819322 0.603609443
0.992300212 0.082296796 -0.092561148 1.296240807 -0.074138515 0.993324697 0.088371560 -0.803748727 0.099215969 -0.080828771 0.991777658 0.604363382
0.992165744 0.083622642 -0.092813641 1.297105908 -0.075576104 0.993331552 0.087066837 -0.800262034 0.099475481 -0.079370238 0.991869450 0.606056809
0.992332816 0.079589114 -0.094557434 1.298308015 -0.072009824 0.994106710 0.081033863 -0.798512995 0.100449592 -0.073603503 0.992215931 0.606863081
0.992620826 0.076037273 -0.094457410 1.299888611 -0.069908470 0.995328665 0.066585347 -0.798649848 0.099079140 -0.059490629 0.993299663 0.607207477
0.993319511 0.070327967 -0.091489241 1.301377416 -0.065387011 0.996291339 0.055929523 -0.798543990 0.095083341 -0.049573679 0.994234204 0.607665479
0.994179726 0.062721714 -0.087593652 1.302299857 -0.058646787 0.997107387 0.048346385 -0.797907054 0.090372644 -0.042927910 0.994982421 0.607585490
0.995072722 0.052966211 -0.083814286 1.302123308 -0.049885295 0.998015046 0.038437113 -0.797118604 0.085683785 -0.034066625 0.995739818 0.604923666
0.995574296 0.052302945 -0.078078218 1.303469181 -0.050382737 0.998381913 0.026365334 -0.797201693 0.079330862 -0.022314856 0.996598542 0.604311466
0.996105134 0.050195716 -0.072491147 1.304268122 -0.049332131 0.998689055 0.013655796 -0.798413336 0.073081583 -0.010026465 0.997275591 0.602553964
0.996481001 0.047021668 -0.069387294 1.304924250 -0.046602696 0.998884261 0.007645529 -0.798801482 0.069669381 -0.004384990 0.997560501 0.601533949
0.996815205 0.047749363 -0.063870423 1.306330204 -0.047181357 0.998832464 0.010372880 -0.798058987 0.064291149 -0.007326351 0.997904301 0.601451337
0.997006953 0.045512646 -0.062495936 1.307222128 -0.044962432 0.998936772 0.010183051 -0.797468841 0.062892944 -0.007342603 0.997993290 0.601393282
0.997174501 0.040787201 -0.063082218 1.307827473 -0.040284313 0.999145687 0.009223913 -0.796851575 0.063404545 -0.006656627 0.997965693 0.601298928
0.997250080 0.037489869 -0.063927710 1.307789803 -0.036982611 0.999274492 0.009100199 -0.796759188 0.064222492 -0.006710961 0.997913063 0.600895047
0.997191310 0.039392542 -0.063699774 1.307987809 -0.038873885 0.999200284 0.009361702 -0.796444714 0.064017616 -0.006859151 0.997925222 0.600767374
0.997248769 0.037062630 -0.064196564 1.307936907 -0.036556784 0.999290705 0.009036825 -0.796332181 0.064485960 -0.006665143 0.997896373 0.600543618
0.997275412 0.036788411 -0.063940130 1.307545424 -0.036289949 0.999301314 0.008940162 -0.796914577 0.064224347 -0.006595421 0.997913718 0.601569712
0.997302115 0.034526248 -0.064779632 1.307205677 -0.034015052 0.999381006 0.008977992 -0.797194242 0.065049507 -0.006750287 0.997859180 0.601436436
0.997291446 0.034764174 -0.064816840 1.307213426 -0.034247264 0.999372244 0.009069370 -0.797340095 0.065091439 -0.006825006 0.997855961 0.601423800
0.997283578 0.034481324 -0.065088049 1.307071090 -0.033957232 0.999381483 0.009141560 -0.797453105 0.065363005 -0.006906518 0.997837663 0.601402342
0.997277677 0.034677517 -0.065074883 1.307096481 -0.034148864 0.999374211 0.009218824 -0.797433615 0.065353848 -0.006971494 0.997837782 0.601373136
0.997271359 0.034579042 -0.065223411 1.307063818 -0.034043048 0.999377012 0.009311723 -0.797406793 0.065504767 -0.007065911 0.997827232 0.601275384
0.997276485 0.034489032 -0.065193169 1.307113171 -0.033951849 0.999379933 0.009330234 -0.797244191 0.065474533 -0.007091395 0.997829020 0.601173282
0.997283697 0.034363553 -0.065149292 1.307193518 -0.033825874 0.999384105 0.009338451 -0.797102749 0.065430067 -0.007109352 0.997831821 0.601066470
0.997284234 0.034516007 -0.065059960 1.307119131 -0.033983603 0.999379396 0.009272576 -0.796919644 0.065339632 -0.007036423 0.997838259 0.600983739
0.997286558 0.034396145 -0.065087698 1.307101727 -0.033858560 0.999382973 0.009344815 -0.796806335 0.065368958 -0.007115684 0.997835815 0.600867689
0.997288346 0.034454133 -0.065029748 1.306980252 -0.033914939 0.999380708 0.009377625 -0.797211587 0.065312572 -0.007146716 0.997839272 0.601277173
0.997290790 0.034350295 -0.065046936 1.307041287 -0.033807069 0.999383867 0.009433967 -0.797377288 0.065330915 -0.007209362 0.997837603 0.601351619
0.997288406 0.034554847 -0.064975582 1.307175040 -0.034009196 0.999376535 0.009485493 -0.797554255 0.065262839 -0.007250005 0.997841775 0.601447880
0.997287035 0.034382768 -0.065087825 1.307216406 -0.033832662 0.999382019 0.009535543 -0.797731280 0.065375462 -0.007307578 0.997833967 0.601530850
0.997279763 0.034565445 -0.065101802 1.307285070 -0.034017868 0.999376059 0.009501259 -0.797843516 0.065389596 -0.007260789 0.997833371 0.601640284
0.997278392 0.034543477 -0.065134980 1.307253599 -0.033995673 0.999376833 0.009500254 -0.797793627 0.065422557 -0.007260090 0.997831225 0.601670086
0.997274041 0.034508239 -0.065220267 1.307244658 -0.033960983 0.999378204 0.009481345 -0.797600329 0.065506898 -0.007240555 0.997825861 0.601614237
0.997274816 0.034577440 -0.065171920 1.307268500 -0.034034915 0.999376297 0.009416827 -0.797399580 0.065456882 -0.007173044 0.997829616 0.601578414
0.997271955 0.034616090 -0.065195054 1.307222128 -0.034073550 0.999374986 0.009415722 -0.797148645 0.065480240 -0.007168608 0.997828126 0.601455033
0.997274995 0.034589559 -0.065162800 1.307088971 -0.034052771 0.999376476 0.009330750 -0.797095895 0.065444916 -0.007086350 0.997831047 0.601168752
0.997292161 0.034535334 -0.064928375 1.307085633 -0.034013834 0.999379754 0.009120557 -0.797035098 0.065203086 -0.006887398 0.997848272 0.601164937
0.997291863 0.034579478 -0.064909376 1.307078004 -0.034054343 0.999377847 0.009179702 -0.797103107 0.065186426 -0.006944396 0.997848928 0.601222575
0.997298956 0.034562435 -0.064809322 1.307120204 -0.033985473 0.999372482 0.009984203 -0.797647476 0.065113723 -0.007754660 0.997847736 0.601454556
0.997299314 0.034423392 -0.064878084 1.307111740 -0.033842336 0.999376833 0.010034243 -0.797697961 0.065183066 -0.007811517 0.997842729 0.601529539
0.997300327 0.034505554 -0.064818494 1.307140350 -0.033927541 0.999374270 0.009997398 -0.797700107 0.065122902 -0.007771275 0.997846961 0.601620793
0.997295976 0.034531098 -0.064872056 1.307108998 -0.033948071 0.999372900 0.010068609 -0.797647595 0.065179050 -0.007839103 0.997842789 0.601676822
0.997290671 0.034470581 -0.064985044 1.307017565 -0.033950675 0.999382198 0.009088114 -0.797053695 0.065258168 -0.006857205 0.997844875 0.601509333
0.997289538 0.034618046 -0.064924270 1.307034492 -0.034042962 0.999370933 0.009943516 -0.797399521 0.065227650 -0.007706350 0.997840643 0.601639867
0.997290671 0.034384646 -0.065030739 1.307024360 -0.033810202 0.999379098 0.009913700 -0.797338188 0.065331243 -0.007688138 0.997834027 0.601547360
0.997294068 0.034463927 -0.064936340 1.307077408 -0.033899136 0.999377429 0.009779775 -0.797267258 0.065232962 -0.007552025 0.997841477 0.601452708
0.997305095 0.034347955 -0.064828768 1.306988001 -0.033805586 0.999383807 0.009444995 -0.797223449 0.065113232 -0.007227967 0.997851729 0.600743294
0.997301042 0.034465510 -0.064829044 1.307020783 -0.033915874 0.999378979 0.009560084 -0.797194064 0.065118276 -0.007335548 0.997850597 0.600864172
0.997298956 0.034367029 -0.064912938 1.307008386 -0.033809680 0.999381542 0.009665444 -0.797162056 0.065204963 -0.007444652 0.997844100 0.601004601
0.997304380 0.034546200 -0.064734004 1.307075143 -0.033949114 0.999370456 0.010301428 -0.797040582 0.065049127 -0.008075997 0.997849405 0.601765215
0.997298479 0.034426350 -0.064888589 1.306964040 -0.033881497 0.999380887 0.009478870 -0.797231376 0.065174744 -0.007254740 0.997847497 0.601349592
0.997295380 0.034492902 -0.064901590 1.306948423 -0.033952780 0.999379158 0.009407155 -0.797287881 0.065185778 -0.007178123 0.997847319 0.601457119
0.997300327 0.034464549 -0.064840615 1.307094336 -0.033879306 0.999374866 0.010104173 -0.797263563 0.065148309 -0.007880139 0.997844458 0.602044702
0.997290432 0.034644503 -0.064896204 1.307088017 -0.034116369 0.999375224 0.009229059 -0.797380567 0.065175399 -0.006990030 0.997849345 0.601444244
0.997292101 0.034472261 -0.064962447 1.307080388 -0.033943724 0.999381185 0.009222580 -0.797354162 0.065240175 -0.006992539 0.997845113 0.601393163
0.997292638 0.034497548 -0.064941257 1.307060957 -0.033973668 0.999380827 0.009154399 -0.797308564 0.065216847 -0.006923322 0.997847080 0.601310253
0.997306347 0.034459226 -0.064749956 1.307170987 -0.033935785 0.999381959 0.009166851 -0.797045350 0.065025821 -0.006944818 0.997859418 0.601109982
0.997304499 0.034513377 -0.064750277 1.307139397 -0.033988193 0.999379933 0.009195342 -0.797069132 0.065027490 -0.006969811 0.997859120 0.601406217
0.997305632 0.034441043 -0.064770937 1.307117820 -0.033910837 0.999381900 0.009267827 -0.797092974 0.065050095 -0.007046420 0.997857094 0.601697445
0.997304559 0.034493621 -0.064759359 1.306948543 -0.033923127 0.999375522 0.009888775 -0.797408879 0.065060019 -0.007665281 0.997851908 0.603269994
0.997302711 0.034478243 -0.064795792 1.307081699 -0.033908959 0.999376237 0.009865417 -0.797490656 0.065095522 -0.007641650 0.997849762 0.603457212
0.997301877 0.034414832 -0.064842530 1.307175159 -0.033849414 0.999378920 0.009798686 -0.797615528 0.065139480 -0.007577367 0.997847378 0.603618681
0.997299910 0.034454763 -0.064852208 1.307618618 -0.033934392 0.999382555 0.009108763 -0.797365546 0.065126009 -0.006883448 0.997853279 0.602308214
0.997301757 0.034391735 -0.064856783 1.307564497 -0.033840176 0.999381304 0.009584051 -0.797588944 0.065146267 -0.007363426 0.997848570 0.603384733
0.997299671 0.034357123 -0.064906947 1.307658911 -0.033807486 0.999382734 0.009547796 -0.797523260 0.065194920 -0.007327673 0.997845650 0.603029430
0.997299612 0.034324378 -0.064925313 1.307620406 -0.033779297 0.999384403 0.009475022 -0.797393501 0.065210573 -0.007256304 0.997845113 0.602598429
0.997309089 0.034333017 -0.064774737 1.307193637 -0.033795640 0.999384820 0.009373953 -0.797081649 0.065056726 -0.007159624 0.997855902 0.601636529
0.997304618 0.034327175 -0.064846814 1.307302594 -0.033781771 0.999384165 0.009488817 -0.797176361 0.065132603 -0.007272601 0.997850120 0.601718068
0.997299790 0.034346774 -0.064911194 1.307788253 -0.033788003 0.999382079 0.009686799 -0.797583759 0.065203793 -0.007467423 0.997844040 0.602347076
0.997300386 0.034369111 -0.064889640 1.307440519 -0.033819146 0.999382317 0.009555234 -0.797411621 0.065177962 -0.007334926 0.997846723 0.602010310
0.997300386 0.034351047 -0.064899690 1.307888627 -0.033794515 0.999382198 0.009653983 -0.797759175 0.065191217 -0.007434667 0.997845113 0.602672756
0.997297764 0.034323864 -0.064953908 1.307870746 -0.033769682 0.999383450 0.009610990 -0.797736168 0.065243743 -0.007391546 0.997841954 0.602813780
0.997291863 0.034373499 -0.065018371 1.307864428 -0.033818673 0.999381721 0.009615120 -0.797655821 0.065308683 -0.007390247 0.997837722 0.602914274
0.997292042 0.034354247 -0.065026164 1.307835460 -0.033805899 0.999383152 0.009514648 -0.797582924 0.065312915 -0.007290615 0.997838199 0.602967560
0.997296035 0.034344893 -0.064969204 1.307757497 -0.033807397 0.999384582 0.009354772 -0.797501385 0.065250516 -0.007133037 0.997843444 0.602900326
0.997294307 0.034275424 -0.065032512 1.307663798 -0.033741854 0.999387443 0.009285654 -0.797406793 0.065310948 -0.007066213 0.997839928 0.602742314
0.997302234 0.034305770 -0.064895123 1.307481289 -0.033732563 0.999381781 0.009908322 -0.797362685 0.065194912 -0.007692513 0.997842908 0.603464067
1.000000000 -0.000000000 0.000000001 0.000000000 0.000000000 1.000000000 0.000000028 -0.000000298 -0.000000001 -0.000000028 1.000000000 0.000000089
1.000000000 -0.000004848 0.000068321 0.000102106 0.000004835 1.000000000 0.000179855 -0.000108610 -0.000068321 -0.000179854 1.000000000 0.000357177
0.999999940 0.000015997 -0.000303579 -0.000383883 -0.000015940 1.000000000 0.000188067 0.000188670 0.000303582 -0.000188062 0.999999940 -0.001649532
0.999999940 -0.000092133 -0.000337299 -0.000069840 0.000092159 1.000000000 0.000078676 0.000044536 0.000337292 -0.000078708 0.999999940 -0.000527925
0.999999881 0.000359842 -0.000271756 -0.000103064 -0.000359828 0.999999940 0.000051853 0.000158005 0.000271775 -0.000051755 0.999999940 -0.000550409
0.999999881 0.000239954 -0.000422638 0.000228282 -0.000240001 0.999999940 -0.000112855 0.001004612 0.000422611 0.000112957 0.999999881 -0.000267773
0.999999583 0.000635684 -0.000668197 0.000539513 -0.000635786 0.999999762 -0.000152224 0.000797825 0.000668100 0.000152649 0.999999762 0.000828430
0.999999344 0.000504885 -0.001006156 -0.000347798 -0.000504816 0.999999881 0.000068816 0.000956550 0.001006191 -0.000068308 0.999999464 0.000458144
0.999999642 0.000347655 -0.000795700 0.000388169 -0.000347522 0.999999940 0.000167277 0.000872218 0.000795758 -0.000167000 0.999999642 -0.000159323
0.999999762 0.000156853 -0.000663674 0.000461845 -0.000156763 1.000000000 0.000136580 0.000766676 0.000663696 -0.000136476 0.999999762 0.000460757
0.999999821 0.000431046 -0.000428563 0.000345461 -0.000430946 0.999999881 0.000232969 0.000327628 0.000428663 -0.000232784 0.999999881 -0.000210243
0.999999821 0.000506242 -0.000220096 0.000489906 -0.000506182 0.999999821 0.000271701 0.000395172 0.000220233 -0.000271589 0.999999940 0.000955185
