1.000000000 0.000000003 0.000000005 0.000000954 -0.000000003 1.000000000 -0.000000001 0.000000358 -0.000000005 0.000000001 1.000000000 -0.000001431
0.999999821 0.000590756 0.000224674 0.000218746 -0.000590785 0.999999821 0.000127999 0.000151431 -0.000224598 -0.000128131 0.999999940 -0.002328685
0.999996901 0.002399909 0.000634283 0.000266992 -0.002399981 0.999997139 0.000112913 0.000184920 -0.000634010 -0.000114435 0.999999821 -0.001845785
0.999999940 0.000375911 -0.000163851 -0.000037728 -0.000375863 0.999999881 0.000293882 -0.000017795 0.000163962 -0.000293820 0.999999940 -0.000886745
1.000000000 -0.000174592 -0.000133315 -0.000121543 0.000174598 1.000000000 0.000044986 0.000020460 0.000133307 -0.000045009 1.000000000 -0.000481533
1.000000000 0.000123698 -0.000059586 0.000205015 -0.000123686 1.000000000 0.000199528 0.000006343 0.000059610 -0.000199521 1.000000000 -0.000716446
0.999999821 -0.000223767 -0.000560513 -0.000201270 0.000223729 1.000000000 -0.000067716 0.000065654 0.000560528 0.000067591 0.999999821 -0.000916950
0.999999940 0.000049404 -0.000283038 -0.000140098 -0.000049408 1.000000000 -0.000015173 0.000043120 0.000283037 0.000015187 0.999999940 -0.000608713
0.999999821 -0.000553008 0.000209797 -0.000115715 0.000553030 0.999999821 -0.000101180 0.000033611 -0.000209741 0.000101296 1.000000000 -0.001021960
0.999999642 -0.000632291 -0.000512080 -0.000167164 0.000632321 0.999999821 0.000058533 0.000034883 0.000512043 -0.000058856 0.999999881 -0.000972054
1.000000000 0.000088239 -0.000063642 0.000006027 -0.000088235 1.000000000 0.000071313 0.000033893 0.000063648 -0.000071308 1.000000000 -0.000657082
0.999999940 0.000118577 0.000215146 0.000048575 -0.000118576 1.000000000 -0.000004384 0.000047151 -0.000215146 0.000004359 1.000000000 -0.000622914
0.999999940 0.000232580 0.000149660 -0.000178866 -0.000232622 0.999999940 0.000280267 0.000025735 -0.000149595 -0.000280302 0.999999940 -0.000743364
0.999999404 0.001024700 0.000433394 0.000274084 -0.001024684 0.999999464 -0.000037642 0.000133044 -0.000433433 0.000037198 0.999999881 -0.001114591
0.999998033 0.001726168 0.000976553 -0.000047260 -0.001726149 0.999998510 -0.000019615 0.000138969 -0.000976585 0.000017930 0.999999523 -0.000994431
0.999999046 0.001252769 0.000587154 0.000251530 -0.001252548 0.999999166 -0.000376238 0.000249332 -0.000587625 0.000375503 0.999999762 -0.001114764
0.999998629 0.001468834 0.000746141 -0.000068390 -0.001468839 0.999998927 0.000005871 0.000221641 -0.000746132 -0.000006967 0.999999702 -0.002027275
1.000000000 -0.000124236 -0.000099251 0.000454174 0.000124222 1.000000000 -0.000143119 -0.000105381 0.000099268 0.000143107 1.000000000 -0.000958146
0.999999404 0.001016530 0.000329252 0.000304069 -0.001016550 0.999999464 0.000060915 0.000113575 -0.000329190 -0.000061250 0.999999940 -0.001291768
0.999997377 0.002128614 0.000816666 0.000058281 -0.002128755 0.999997735 0.000171928 0.000154734 -0.000816298 -0.000173666 0.999999642 -0.000939271
0.999999762 0.000586189 0.000291611 0.000201873 -0.000586167 0.999999821 -0.000075308 0.000111704 -0.000291655 0.000075137 0.999999940 -0.000823563
0.999999583 0.000736675 0.000506496 0.000266900 -0.000736555 0.999999702 -0.000235893 0.000010097 -0.000506669 0.000235520 0.999999821 -0.000827595
0.999999702 -0.000148671 0.000740359 -0.000007431 0.000149265 0.999999642 -0.000803186 -0.000210757 -0.000740240 0.000803296 0.999999404 -0.001889367
0.999996662 -0.002146751 0.001428813 -0.000716250 0.002147160 0.999997675 -0.000285027 -0.000323114 -0.001428198 0.000288094 0.999998927 -0.003065293
0.999997675 -0.001570764 0.001464181 -0.000129136 0.001572379 0.999998152 -0.001102747 -0.000611831 -0.001462447 0.001105047 0.999998331 -0.001307274
0.999989331 -0.004173411 -0.001988396 -0.000216399 0.004166761 0.999985754 -0.003336550 -0.001822657 0.002002293 0.003328229 0.999992430 -0.002962022
0.999996364 -0.002679922 0.000185368 0.000056291 0.002680657 0.999988079 -0.004082047 -0.002519088 -0.000174426 0.004082529 0.999991655 -0.002636693
0.999941587 0.008144870 0.007105426 0.001027122 -0.008126441 0.999963522 -0.002618622 -0.004239385 -0.007126495 0.002560727 0.999971330 -0.006330299
0.999787331 0.010882341 0.017516810 0.001555429 -0.010938638 0.999935329 0.003121244 -0.011650394 -0.017481711 -0.003312190 0.999841690 -0.012847688
0.999729276 0.007513867 0.022021210 0.003491705 -0.007906112 0.999810696 0.017779574 -0.019597137 -0.021883447 -0.017948862 0.999599397 -0.011230936
0.999544978 0.000893756 0.030150229 0.005376502 -0.002017024 0.999304116 0.037245903 -0.024508677 -0.030095957 -0.037289768 0.998851180 -0.013817722
0.999319136 -0.001422728 0.036867306 0.006879414 -0.000181086 0.999055028 0.043462537 -0.027512640 -0.036894303 -0.043439623 0.998374581 -0.014758041
0.998981297 0.002176047 0.045073703 0.010318862 -0.004341224 0.998838186 0.047994360 -0.040966522 -0.044916898 -0.048141144 0.997830093 -0.023432942
0.998109758 0.001744978 0.061432190 0.013604796 -0.004834554 0.998728514 0.050179821 -0.068145126 -0.061266515 -0.050381966 0.996849060 -0.032216512
0.996895313 -0.005432426 0.078550860 0.013907647 0.000563673 0.998083949 0.061871946 -0.113497913 -0.078736462 -0.061635576 0.994988263 -0.041958399
0.996110260 -0.006091699 0.087904483 0.011990837 0.000408974 0.997916341 0.064520292 -0.143137664 -0.088114358 -0.064233378 0.994037211 -0.048801407
0.994725645 0.002037568 0.102550909 0.010335006 -0.008430596 0.998043954 0.061945327 -0.202474192 -0.102224089 -0.062483169 0.992797077 -0.052656379
0.991999567 0.019832816 0.124673717 0.005767649 -0.026780495 0.998165488 0.054300211 -0.267516702 -0.123368077 -0.057204612 0.990710855 -0.079014100
0.989566684 0.031874157 0.140505642 0.001072604 -0.035925597 0.999005914 0.026392564 -0.326598585 -0.139524728 -0.031164952 0.989728034 -0.091497719
0.988948643 0.037926544 0.143325195 -0.001324508 -0.036960974 0.999272525 -0.009394350 -0.373502254 -0.143577218 0.003993092 0.989631057 -0.105680689
0.988563359 0.033958234 0.146933198 -0.001742516 -0.030929834 0.999260426 -0.022847259 -0.386343628 -0.147600368 0.018041344 0.988882542 -0.107037775
0.988567472 0.024264231 0.148813814 -0.003161630 -0.019913016 0.999331474 -0.030660123 -0.392323703 -0.149458274 0.027346268 0.988389790 -0.107153803
0.988162816 0.015862921 0.152586550 0.000731150 -0.012280806 0.999627113 -0.024389900 -0.379625261 -0.152916536 0.022227308 0.987989128 -0.101448976
0.987520874 0.020598968 0.156135261 0.009759893 -0.021242557 0.999771357 0.002454357 -0.334837258 -0.156048998 -0.005740441 0.987732649 -0.084620625
0.988945961 0.018163474 0.147159636 0.019596515 -0.025340317 0.998571455 0.047041960 -0.267300934 -0.146094963 -0.050251029 0.987993479 -0.064325884
0.990718007 0.003223757 0.135894760 0.025866695 -0.017053677 0.994767785 0.100728661 -0.192963362 -0.134858996 -0.102111205 0.985589325 -0.047715720
0.991666079 -0.017498849 0.127640948 0.029553594 0.000190534 0.990931094 0.134370744 -0.128168508 -0.128834724 -0.133226588 0.982676089 -0.034651540
0.992082000 -0.026651038 0.122731321 0.032202881 0.008626058 0.989377141 0.145115152 -0.081736967 -0.125295043 -0.142907456 0.981773198 -0.026255749
0.992306113 -0.023575567 0.121543169 0.032896981 0.004100806 0.987422705 0.158049151 -0.046929207 -0.123740591 -0.156334713 0.979922295 -0.022198072
0.991995931 -0.018531956 0.124902405 0.034003653 -0.005456215 0.981956422 0.189028531 -0.065953672 -0.126151785 -0.188197032 0.973995686 -0.030039620
0.991062760 -0.014687769 0.132585242 0.031714566 -0.010005696 0.982934952 0.183681071 -0.114106111 -0.133020535 -0.183366075 0.974003315 -0.042739592
0.990936518 -0.012560257 0.133742452 0.040682949 -0.008937665 0.987248123 0.158937931 -0.120033525 -0.134033293 -0.158692747 0.978187978 -0.065932326
0.988759577 0.012065266 0.149026692 0.029942166 -0.029778110 0.992661178 0.117204979 -0.234504879 -0.146518901 -0.120325275 0.981862545 -0.064112186
0.985958159 0.027122701 0.164775252 0.027559785 -0.039720017 0.996493280 0.073643856 -0.322526813 -0.162200019 -0.079154633 0.983578026 -0.079617947
0.984906316 0.025561893 0.171190485 0.020305283 -0.031524133 0.998984158 0.032200329 -0.395988166 -0.170193493 -0.037110940 0.984711587 -0.094747037
0.985502541 0.015822995 0.168921039 0.016667111 -0.016932532 0.999843478 0.005129820 -0.446242332 -0.168813422 -0.007915712 0.985616267 -0.106766112
0.985688627 0.010404347 0.168254673 0.017294442 -0.010415252 0.999945402 -0.000817706 -0.460079432 -0.168253988 -0.000946411 0.985743225 -0.109333441
0.985659599 0.006411737 0.168624133 0.017406479 -0.007131120 0.999967873 0.003660956 -0.453671575 -0.168595254 -0.004810935 0.985673606 -0.106024355
0.985937417 0.009171774 0.166863218 0.021795338 -0.013037829 0.999670982 0.022088312 -0.408869445 -0.166605726 -0.023953227 0.985732615 -0.091707028
0.985261559 0.012501989 0.170596942 0.024888773 -0.021363700 0.998510242 0.050208807 -0.338259459 -0.169715092 -0.053113390 0.984060824 -0.070184216
0.985241592 0.008259377 0.170970067 0.026942568 -0.020545656 0.997320056 0.070218094 -0.297577947 -0.169931918 -0.072694480 0.982770920 -0.057004370
0.985244095 0.002222216 0.171140656 0.029621888 -0.023599694 0.992128611 0.122979172 -0.226355046 -0.169520244 -0.125203371 0.977541327 -0.037281293
0.986765206 -0.014255659 0.161527604 0.033301450 -0.013790908 0.985141158 0.171191975 -0.144545004 -0.161567956 -0.171153903 0.971906424 -0.022839058
0.988397121 -0.036053464 0.147550821 0.035269596 0.005211946 0.978899240 0.204276994 -0.094993964 -0.151802272 -0.201137766 0.967729151 -0.016701585
0.988681018 -0.037287530 0.145325497 0.028399128 0.004214457 0.975144446 0.221530110 -0.092547521 -0.149973661 -0.218410149 0.964263916 -0.010854097
0.988853335 -0.032907818 0.145210758 0.031639177 -0.000202722 0.974971533 0.222329602 -0.117222555 -0.148892745 -0.219880804 0.964097202 -0.030746458
0.988833904 -0.030315895 0.145905599 0.029273633 -0.001912496 0.976426661 0.215840876 -0.148470983 -0.149009526 -0.213709831 0.965465844 -0.039756570
0.988655508 -0.020683898 0.148769930 0.026684932 -0.006509543 0.983641803 0.180017844 -0.232589006 -0.150059789 -0.178944051 0.972348213 -0.058603190
0.985753894 -0.010835946 0.167844743 0.023452001 -0.011559237 0.991198480 0.131878644 -0.331768274 -0.167796478 -0.131940052 0.976952493 -0.080753408
0.982128322 -0.010819254 0.187901258 0.021915890 -0.004647675 0.996647835 0.081679076 -0.417541832 -0.188155100 -0.081092633 0.978785813 -0.098352768
0.982183933 -0.024003895 0.186382696 0.019813184 0.017224012 0.999132693 0.037910860 -0.477159411 -0.187131047 -0.034025181 0.981745541 -0.112923898
0.982820332 -0.023188684 0.183102265 0.018957378 0.019210948 0.999539971 0.023468344 -0.492906809 -0.183562249 -0.019547598 0.982813716 -0.116446145
0.983073890 -0.020911423 0.182012215 0.022796242 0.018877735 0.999738574 0.012898855 -0.493088007 -0.182234377 -0.009244549 0.983211637 -0.114040196
0.984033883 -0.015107242 0.177339032 0.026370084 0.014693540 0.999885380 0.003645958 -0.446847856 -0.177373797 -0.000982009 0.984143078 -0.100332327
0.984022021 -0.009483931 0.177794158 0.026806684 0.007372191 0.999894261 0.012534324 -0.415061086 -0.177894235 -0.011023318 0.983987868 -0.088905178
0.983623266 0.002670139 0.180216923 0.032913942 -0.012009309 0.998639166 0.050750673 -0.333776027 -0.179836154 -0.052083824 0.982316792 -0.066753104
0.981885672 0.003195358 0.189447448 0.034117091 -0.024046348 0.993874550 0.107866250 -0.243298501 -0.187942326 -0.110467844 0.975948036 -0.043099094
0.983636141 -0.011243737 0.179815382 0.034424391 -0.017176891 0.987652004 0.155719236 -0.161988273 -0.179345891 -0.156259730 0.971297026 -0.028435269
0.986308396 -0.020320185 0.163654581 0.034682296 -0.010914669 0.982159972 0.187730193 -0.103014730 -0.164549693 -0.186946109 0.968490839 -0.023512453
0.987101555 -0.020261234 0.158807963 0.036147237 -0.015574826 0.975100696 0.221214861 -0.077671915 -0.159335837 -0.220834941 0.962207913 -0.024963375
0.987725437 -0.026765727 0.153889939 0.040098138 -0.009426199 0.973199904 0.229767472 -0.048878014 -0.155915558 -0.228397772 0.961001992 -0.034146216
0.989613771 -0.048483331 0.135329261 0.057646185 0.018552221 0.976610005 0.214216590 -0.015434109 -0.142549843 -0.209481016 0.967366159 -0.059808608
0.987637520 0.008395414 0.156530082 0.040023051 -0.039988633 0.979020000 0.199801847 -0.209719926 -0.151568651 -0.203591228 0.967252612 -0.054745786
0.984534562 0.031036410 0.172419444 0.037591238 -0.054553811 0.989562094 0.133382022 -0.305887222 -0.166480049 -0.140725344 0.975951195 -0.074801743
0.980761707 0.038935684 0.191286325 0.033029985 -0.051681090 0.996731102 0.062097635 -0.395017534 -0.188243225 -0.070788868 0.979568005 -0.091947377
0.977727234 0.040642541 0.205906883 0.030609054 -0.044210270 0.998940825 0.012753781 -0.456926405 -0.205170438 -0.021572916 0.978488505 -0.106166475
0.977065682 0.042003684 0.208754390 0.030456940 -0.042399451 0.999097407 -0.002580666 -0.471797317 -0.208674371 -0.006329590 0.977964699 -0.109562799
0.977866113 0.038594514 0.205641314 0.031984158 -0.037022799 0.999248385 -0.011486840 -0.472001255 -0.205930084 0.003619175 0.978560030 -0.106599271
0.979138494 0.026239753 0.201492563 0.034590252 -0.027392412 0.999620438 0.002933962 -0.431641638 -0.201339111 -0.008392122 0.979485631 -0.091597930
0.978768528 0.020099327 0.203980789 0.037012715 -0.024152400 0.999556839 0.017399622 -0.399916261 -0.203540683 -0.021956827 0.978820264 -0.079385757
0.979507327 0.013563694 0.200951204 0.045395989 -0.024507659 0.998342514 0.052073438 -0.319791436 -0.199911818 -0.055931158 0.978216231 -0.052420143
0.984289348 -0.008124402 0.176375926 0.046808515 -0.005741031 0.996939898 0.077960625 -0.234314948 -0.176469579 -0.077748396 0.981230676 -0.028232949
0.986098945 -0.018804578 0.165091679 0.046684008 0.004285684 0.996123314 0.087863728 -0.195001662 -0.166103914 -0.085934803 0.982356727 -0.016908873
0.988588929 -0.030828312 0.147450104 0.046467993 0.015342060 0.994350374 0.105033174 -0.126303241 -0.149855062 -0.101572447 0.983476758 -0.001499242
0.990678191 -0.027046857 0.133511111 0.043000519 0.011595819 0.993277371 0.115176238 -0.059866454 -0.135728717 -0.112554416 0.984331846 0.020092307
0.992052317 -0.017874572 0.124549769 0.043833289 0.003388086 0.993294179 0.115564659 -0.040895257 -0.125780225 -0.114224203 0.985460401 0.030729767
0.993551135 -0.013760505 0.112547040 0.043911386 0.001065788 0.993698001 0.112085320 -0.035798274 -0.113380119 -0.111242540 0.987304449 0.031147430
0.994669855 -0.013111841 0.102273874 0.041894034 0.002775053 0.994926751 0.100563906 -0.028210914 -0.103073590 -0.099744074 0.989660025 0.035579354
0.995183110 -0.007643125 0.097734906 0.041491061 -0.001646854 0.995512009 0.094620712 -0.026044844 -0.098019466 -0.094325893 0.990704179 0.036874242
0.995666385 -0.002929864 0.092951141 0.039912555 -0.005076115 0.996301353 0.085777804 -0.018602962 -0.092858665 -0.085877903 0.991968870 0.039690346
0.995858431 -0.003728700 0.090840854 0.041405369 -0.003470459 0.996871471 0.078963600 -0.012416384 -0.090851083 -0.078951821 0.992729902 0.041112397
0.995383918 -0.009240269 0.095527351 0.044470310 0.004151863 0.998568356 0.053328633 -0.011360160 -0.095883362 -0.052685849 0.993997276 0.041751880
0.994894028 -0.015165594 0.099779002 0.045491338 0.010626324 0.998890996 0.045868471 -0.010625590 -0.100363962 -0.044573985 0.993951857 0.041280929
0.993575096 -0.020837076 0.111239858 0.046954602 0.018174360 0.999524772 0.024897393 -0.010665938 -0.111705780 -0.022715718 0.993481636 0.038649566
0.992515981 -0.021631196 0.120183453 0.048522152 0.021019062 0.999758840 0.006358805 -0.011175930 -0.120292023 -0.003785072 0.992731333 0.036651310
0.991624534 -0.024064256 0.126892403 0.051512834 0.023091245 0.999691665 0.009133649 -0.009730168 -0.127073064 -0.006127047 0.991874456 0.036977984
0.991451502 -0.031921674 0.126510575 0.051095124 0.031151345 0.999482155 0.008063308 -0.009709861 -0.126702458 -0.004053404 0.991932511 0.035489149
0.991465390 -0.030656144 0.126714647 0.051556252 0.029821614 0.999519289 0.008478181 -0.009578060 -0.126913637 -0.004626989 0.991903007 0.036256250
0.991454720 -0.032468040 0.126346022 0.051395256 0.031740211 0.999465942 0.007770068 -0.009642761 -0.126530826 -0.003693422 0.991955817 0.036461178
0.991480172 -0.034377556 0.125639528 0.051215522 0.033663463 0.999402761 0.007803034 -0.009814003 -0.125832751 -0.003507092 0.992045283 0.036751907
0.991483629 -0.034401596 0.125605375 0.050394151 0.033671580 0.999401510 0.007931057 -0.009904363 -0.125803038 -0.003634183 0.992048562 0.035347346
0.991498828 -0.034948625 0.125334278 0.050081447 0.034218773 0.999382555 0.007972045 -0.009888859 -0.125535518 -0.003615488 0.992082536 0.035028327
0.991472721 -0.035196677 0.125471130 0.050293267 0.034439802 0.999373138 0.008197012 -0.009975381 -0.125680983 -0.003805914 0.992063403 0.035398223
0.991465628 -0.034845177 0.125625297 0.050776865 0.034092810 0.999385536 0.008134649 -0.009942875 -0.125831559 -0.003782307 0.992044389 0.036027897
0.991471112 -0.034942798 0.125555068 0.050124109 0.034196433 0.999382317 0.008095566 -0.009871017 -0.125760406 -0.003732985 0.992053628 0.035094079
0.991464376 -0.034956258 0.125604346 0.050144028 0.034194130 0.999381423 0.008219256 -0.009974636 -0.125813961 -0.003854169 0.992046356 0.035109762
0.991484761 -0.034815557 0.125482693 0.050592769 0.034069851 0.999386728 0.008084528 -0.009889111 -0.125687212 -0.003740510 0.992062867 0.035118256
0.991495192 -0.035205755 0.125290826 0.050607085 0.034458760 0.999373078 0.008125005 -0.009916837 -0.125498325 -0.003738538 0.992086768 0.035295971
0.991467595 -0.034805700 0.125620976 0.050302643 0.034075655 0.999387562 0.007956286 -0.009852213 -0.125820965 -0.003607782 0.992046416 0.035096023
0.991470456 -0.034732178 0.125618458 0.050407492 0.033991858 0.999389827 0.008032748 -0.009856999 -0.125820816 -0.003694228 0.992046118 0.035650995
0.991476357 -0.034932252 0.125516430 0.050258286 0.034161333 0.999381959 0.008289807 -0.009937985 -0.125728428 -0.003931338 0.992056906 0.035284765
0.991474211 -0.035176057 0.125465110 0.050435424 0.034440100 0.999374509 0.008030781 -0.009969444 -0.125669122 -0.003641281 0.992065549 0.035479590
0.991469979 -0.035242617 0.125479802 0.050365500 0.034515962 0.999372423 0.007961121 -0.009876681 -0.125681639 -0.003562158 0.992064238 0.035527214
0.991451204 -0.034990646 0.125698522 0.050065145 0.034284987 0.999381840 0.007773588 -0.009879756 -0.125892818 -0.003397562 0.992038012 0.035001934
0.991478086 -0.035435863 0.125361472 0.050339196 0.034686055 0.999364972 0.008159562 -0.010024095 -0.125570998 -0.003741732 0.992077589 0.035266869
0.991466820 -0.035407841 0.125458479 0.050182607 0.034678079 0.999366522 0.007996626 -0.009977491 -0.125662148 -0.003577730 0.992066622 0.035049159
0.991470277 -0.035044841 0.125533044 0.049983680 0.034312487 0.999379218 0.007992125 -0.009889922 -0.125735193 -0.003616604 0.992057264 0.034950931
0.991456091 -0.035114504 0.125625759 0.049834434 0.034371741 0.999376476 0.008075862 -0.010029620 -0.125831023 -0.003688887 0.992044806 0.034735385
0.991450131 -0.035579637 0.125541732 0.050165847 0.034841388 0.999360263 0.008072007 -0.009892507 -0.125748619 -0.003628945 0.992055476 0.035219770
0.991453707 -0.035276823 0.125598744 0.050207447 0.034551639 0.999371290 0.007948289 -0.009891341 -0.125800177 -0.003540718 0.992049277 0.035010986
0.991456866 -0.035038780 0.125640467 0.050246511 0.034309279 0.999379516 0.007966140 -0.009928066 -0.125841632 -0.003587452 0.992043853 0.034930851
0.991439998 -0.035541199 0.125632703 0.049980465 0.034810163 0.999361813 0.008010102 -0.010037655 -0.125837222 -0.003568241 0.992044508 0.034879372
0.991431952 -0.035552341 0.125693172 0.050074972 0.034826010 0.999361575 0.007972021 -0.009907885 -0.125896350 -0.003526325 0.992037117 0.034740314
0.991448522 -0.035179272 0.125667408 0.049950797 0.034448672 0.999374568 0.007982877 -0.009923575 -0.125869632 -0.003585537 0.992040336 0.034756258
0.991453886 -0.035261191 0.125601813 0.050201941 0.034545664 0.999372125 0.007871059 -0.009927358 -0.125800490 -0.003464795 0.992049515 0.035135880
0.991467953 -0.035455529 0.125435844 0.050037947 0.034731243 0.999365032 0.007957040 -0.009970945 -0.125638321 -0.003532608 0.992069840 0.034868579
0.991434038 -0.035569031 0.125671849 0.050008602 0.034838077 0.999360859 0.008010074 -0.009976049 -0.125876442 -0.003563295 0.992039502 0.034872655
0.991448581 -0.035279356 0.125638857 0.049951859 0.034533963 0.999370635 0.008106621 -0.009948011 -0.125845790 -0.003698491 0.992042899 0.034437012
0.991444886 -0.035209954 0.125687271 0.049939007 0.034492102 0.999373853 0.007883755 -0.009840817 -0.125886157 -0.003481092 0.992038608 0.034916103
0.991449177 -0.035434246 0.125590384 0.050186630 0.034703698 0.999365628 0.008000720 -0.009875002 -0.125794217 -0.003573857 0.992049932 0.035262354
0.991441727 -0.035535518 0.125620484 0.050124630 0.034802575 0.999361992 0.008025125 -0.009960660 -0.125825509 -0.003584527 0.992045939 0.035096370
0.991440535 -0.035153396 0.125737309 0.049882948 0.034434769 0.999375820 0.007884913 -0.009933854 -0.125936016 -0.003487689 0.992032230 0.034766123
0.991452336 -0.035249449 0.125617489 0.050225966 0.034541681 0.999372780 0.007808683 -0.009897412 -0.125813946 -0.003402899 0.992048025 0.035221744
0.991454959 -0.035096116 0.125639871 0.050344288 0.034394324 0.999378264 0.007751337 -0.009830525 -0.125833794 -0.003363803 0.992045641 0.035565022
0.991433561 -0.035128731 0.125799119 0.049922649 0.034416050 0.999376893 0.007834850 -0.009895158 -0.125995964 -0.003438225 0.992024779 0.034783315
0.991438091 -0.035154678 0.125756323 0.050089203 0.034465790 0.999376595 0.007650256 -0.009880180 -0.125946864 -0.003250465 0.992031693 0.035008125
0.991444647 -0.035468295 0.125616476 0.050244011 0.034757216 0.999364972 0.007848609 -0.009910656 -0.125815079 -0.003415384 0.992047846 0.035375278
0.991458714 -0.035436120 0.125514388 0.050323825 0.034740195 0.999366462 0.007729806 -0.009880939 -0.125708789 -0.003303391 0.992061675 0.035565842
0.991447866 -0.035637967 0.125543147 0.050134271 0.034925107 0.999358892 0.007875349 -0.009954017 -0.125743330 -0.003423391 0.992056906 0.035147142
0.991500676 -0.035506576 0.125162587 0.049861021 0.034778308 0.999363065 0.007999531 -0.010020868 -0.125366896 -0.003578598 0.992103994 0.034844823
0.991510868 -0.036476713 0.124802358 0.049941879 0.035736129 0.999327898 0.008168396 -0.010030453 -0.125016421 -0.003639100 0.992147982 0.035232160
0.991491437 -0.035207056 0.125320509 0.050088540 0.034495287 0.999374092 0.007845759 -0.009902133 -0.125518292 -0.003456037 0.992085278 0.035093509
0.991422355 -0.035909109 0.125667408 0.049976483 0.035171553 0.999348581 0.008083687 -0.009925229 -0.125875816 -0.003594431 0.992039502 0.034925748
0.991405129 -0.036217149 0.125714928 0.049992617 0.035486046 0.999337733 0.008050874 -0.010030694 -0.125923246 -0.003520552 0.992033720 0.035098072
0.991468370 -0.036079571 0.125254676 0.050320659 0.035395388 0.999343872 0.007684247 -0.009911599 -0.125449732 -0.003185251 0.992094874 0.035340354
0.991478980 -0.035828259 0.125242770 0.049887463 0.035146512 0.999352872 0.007649522 -0.009989668 -0.125435799 -0.003182494 0.992096663 0.034534849
0.991366625 -0.036746524 0.125864804 0.050056417 0.036051381 0.999319494 0.007797123 -0.009892236 -0.126065671 -0.003192208 0.992016792 0.034940556
0.991417944 -0.036652416 0.125487089 0.050311010 0.035959899 0.999322951 0.007780165 -0.009820649 -0.125687286 -0.003200893 0.992064774 0.035476997
0.991467953 -0.035053492 0.125549033 0.050227854 0.034376752 0.999380410 0.007553434 -0.009842262 -0.125736028 -0.003173020 0.992058635 0.035286196
0.991464734 -0.035063315 0.125571847 0.050330885 0.034398489 0.999380350 0.007459473 -0.009829064 -0.125755593 -0.003076323 0.992056489 0.035690542
0.991536796 -0.035391081 0.124909185 0.050058022 0.034696843 0.999368012 0.007729756 -0.010069104 -0.125103801 -0.003330383 0.992138088 0.034914885
0.991578043 -0.035521336 0.124544226 0.050386444 0.034792855 0.999362350 0.008020088 -0.009961322 -0.124749698 -0.003619294 0.992181659 0.035466086
0.991501927 -0.035380412 0.125188708 0.049893674 0.034650028 0.999367416 0.008007595 -0.010056488 -0.125392824 -0.003601754 0.992100656 0.034803029
0.991443574 -0.035271719 0.125680119 0.049950399 0.034525156 0.999370873 0.008114113 -0.009924750 -0.125887245 -0.003705561 0.992037654 0.034769893
0.991425753 -0.035685509 0.125704095 0.049887095 0.034939375 0.999356329 0.008136126 -0.009936881 -0.125913531 -0.003674342 0.992034435 0.034761742
0.991438031 -0.035394523 0.125689507 0.050133955 0.034654774 0.999366760 0.008067911 -0.009847105 -0.125895485 -0.003643093 0.992036819 0.035094786
0.991427779 -0.035464391 0.125750497 0.049844090 0.034739394 0.999364734 0.007954327 -0.009894246 -0.125952706 -0.003517645 0.992030025 0.034794319
0.991453648 -0.035107851 0.125646561 0.049876131 0.034384042 0.999377251 0.007925432 -0.009948213 -0.125846565 -0.003537463 0.992043436 0.034825027
0.991453528 -0.035389453 0.125568613 0.049965836 0.034662560 0.999367297 0.007969686 -0.009887950 -0.125771210 -0.003549043 0.992052913 0.034816537
0.991446376 -0.035177100 0.125684798 0.049779698 0.034436196 0.999374390 0.008063458 -0.010013422 -0.125889808 -0.003666380 0.992037475 0.034582488
0.991468966 -0.034923743 0.125577226 0.049989123 0.034195449 0.999383509 0.007951193 -0.009923708 -0.125777498 -0.003589191 0.992051959 0.034823421
0.991451740 -0.035272237 0.125615805 0.049817741 0.034542095 0.999371350 0.007986611 -0.009917286 -0.125818536 -0.003579306 0.992046833 0.034784019
0.991458476 -0.035325721 0.125547752 0.049973883 0.034595385 0.999369442 0.007993426 -0.009987311 -0.125750959 -0.003581777 0.992055357 0.034903139
0.991460264 -0.034906965 0.125650421 0.049967796 0.034210324 0.999384999 0.007698505 -0.009907270 -0.125841886 -0.003334220 0.992044687 0.034879342
0.991438925 -0.035016384 0.125788152 0.049924858 0.034282252 0.999380171 0.007996940 -0.009912884 -0.125990212 -0.003616177 0.992024899 0.034765478
0.991420269 -0.034071047 0.126194403 0.050043795 0.033372842 0.999413729 0.007643448 -0.009870050 -0.126380846 -0.003366404 0.991976082 0.034727812
0.991473675 -0.035244219 0.125450149 0.050068308 0.034563217 0.999373615 0.007601613 -0.009959532 -0.125639483 -0.003200839 0.992070794 0.035159949
0.991468549 -0.035271730 0.125483021 0.050131764 0.034573309 0.999372184 0.007740007 -0.009921864 -0.125677243 -0.003335610 0.992065549 0.035166096
0.991444290 -0.033711247 0.126102239 0.050130684 0.032995068 0.999425352 0.007764362 -0.009860518 -0.126291528 -0.003537181 0.991986871 0.034973741
0.991458356 -0.035342742 0.125543520 0.050212111 0.034625243 0.999369204 0.007893344 -0.009954615 -0.125743300 -0.003478948 0.992056727 0.035114344
0.991439760 -0.035297979 0.125703022 0.050284777 0.034576785 0.999370694 0.007915228 -0.009910935 -0.125903308 -0.003501066 0.992036343 0.035518669
0.991440952 -0.034546763 0.125901967 0.050201610 0.033840187 0.999397218 0.007747216 -0.009967824 -0.126093715 -0.003420362 0.992012441 0.034984842
0.991443694 -0.034902528 0.125782296 0.050017186 0.034188654 0.999384701 0.007830425 -0.009897388 -0.125978202 -0.003463099 0.992026985 0.034972630
0.991448700 -0.034517631 0.125849232 0.049747821 0.033820253 0.999398470 0.007674446 -0.009879678 -0.126038432 -0.003352567 0.992019713 0.034757908
0.991449058 -0.034471009 0.125859261 0.050050996 0.033776458 0.999400139 0.007648951 -0.009920849 -0.126047432 -0.003332466 0.992018640 0.034808837
0.991478980 -0.034834817 0.125522792 0.050108083 0.034125261 0.999387145 0.007799285 -0.009925860 -0.125717551 -0.003449329 0.992060065 0.035121530
0.991472423 -0.035041723 0.125516862 0.050072152 0.034327757 0.999379814 0.007847304 -0.009853162 -0.125714004 -0.003471674 0.992060423 0.035146810
0.991446972 -0.034619261 0.125834703 0.049884975 0.033909883 0.999394655 0.007775680 -0.009898056 -0.126027718 -0.003442135 0.992020726 0.034585726
0.991432071 -0.034836292 0.125892311 0.049987804 0.034102507 0.999386489 0.007979847 -0.009987639 -0.126093060 -0.003618233 0.992011845 0.034688942
0.991451025 -0.034717962 0.125775874 0.050004493 0.033992108 0.999390781 0.007913298 -0.009929774 -0.125973985 -0.003570261 0.992027104 0.034512423
0.991454840 -0.034663606 0.125760570 0.049926672 0.033944171 0.999392807 0.007859749 -0.009935457 -0.125956655 -0.003523749 0.992029488 0.034446195
0.991470873 -0.034478623 0.125684872 0.049999837 0.033772092 0.999399543 0.007748508 -0.009871493 -0.125876561 -0.003437780 0.992039979 0.034912463
0.991456449 -0.033903431 0.125954956 0.050043236 0.033230040 0.999419987 0.007444163 -0.009748970 -0.126134291 -0.003195076 0.992008030 0.035037912
0.991446614 -0.034058567 0.125990704 0.049980491 0.033374954 0.999414504 0.007533408 -0.009803589 -0.126173511 -0.003264038 0.992002845 0.035015117
0.991446495 -0.034272268 0.125933424 0.050455380 0.033603631 0.999407589 0.007430646 -0.009746174 -0.126113489 -0.003135269 0.992010891 0.035893403
0.991469741 -0.034509540 0.125685558 0.050437089 0.033816118 0.999398828 0.007647148 -0.009824230 -0.125873893 -0.003331719 0.992040634 0.035777330
0.991454303 -0.034834415 0.125717610 0.050262176 0.034152754 0.999387920 0.007574099 -0.009843701 -0.125904500 -0.003215771 0.992037177 0.035664741
0.991431713 -0.034322914 0.126036018 0.050033070 0.033651937 0.999405861 0.007449636 -0.009843017 -0.126216829 -0.003144450 0.991997719 0.035130683
0.991418123 -0.034209024 0.126174018 0.049792890 0.033534899 0.999409676 0.007463677 -0.009879068 -0.126354858 -0.003168393 0.991980076 0.035039052
0.991501272 -0.034307536 0.125491709 0.050456516 0.033634190 0.999406219 0.007481155 -0.009830107 -0.125673860 -0.003196764 0.992066443 0.035380747
0.991505206 -0.034198713 0.125490576 0.049943987 0.033485986 0.999408841 0.007785193 -0.009979499 -0.125682637 -0.003516884 0.992064238 0.034894414
0.991541386 -0.034956478 0.124995105 0.049968287 0.034241717 0.999382675 0.007862835 -0.010042138 -0.125192791 -0.003516279 0.992126226 0.034926567
0.991589844 -0.034814063 0.124649704 0.050177202 0.034066718 0.999386549 0.008122744 -0.010035346 -0.124856025 -0.003808024 0.992167592 0.034801345
0.991624951 -0.034676079 0.124408863 0.050142504 0.033934887 0.999391437 0.008072551 -0.009955916 -0.124613084 -0.003783143 0.992198229 0.035283610
0.991827130 -0.034009017 0.122973002 0.050224397 0.033162322 0.999410093 0.008926052 -0.009986518 -0.123204030 -0.004775031 0.992369890 0.034729403
0.991962016 -0.033742208 0.121954031 0.050209668 0.032859303 0.999417245 0.009244149 -0.009792085 -0.122194879 -0.005162521 0.992492676 0.034862820
0.992071569 -0.033716694 0.121066697 0.050149884 0.032783899 0.999415517 0.009688968 -0.009706210 -0.121322617 -0.005643111 0.992597103 0.034782697
0.992321610 -0.033492453 0.119063295 0.050505541 0.032472949 0.999417543 0.010493062 -0.009767344 -0.119345389 -0.006546156 0.992831230 0.034945630
0.992478788 -0.033210471 0.117825970 0.051201567 0.032159027 0.999424279 0.010814235 -0.009608966 -0.118117273 -0.006943730 0.992975354 0.035832047
0.992573500 -0.032712929 0.117165409 0.050308313 0.031592917 0.999435782 0.011404215 -0.009608240 -0.117472365 -0.007617925 0.993046939 0.033979278
0.992731869 -0.032354813 0.115916483 0.050717514 0.031229883 0.999445975 0.011508180 -0.009562260 -0.116224602 -0.007804479 0.993192315 0.034609959
0.992918968 -0.032356422 0.114302292 0.050360400 0.031165721 0.999439895 0.012189294 -0.009720846 -0.114632674 -0.008540668 0.993371248 0.033841420
0.993211567 -0.030930704 0.112133950 0.050708249 0.029688541 0.999478102 0.012730831 -0.009616984 -0.112469204 -0.009315317 0.993611574 0.034083333
0.993473113 -0.029848685 0.110091738 0.050919984 0.028412428 0.999489784 0.014592135 -0.009443441 -0.110471122 -0.011368921 0.993814290 0.034166656
0.994052827 -0.027098902 0.105473228 0.050806966 0.025249194 0.999503791 0.018833403 -0.009154064 -0.105931252 -0.016058285 0.994243801 0.032876097
0.994908333 -0.022369372 0.098270275 0.050360978 0.019721322 0.999417961 0.027835937 -0.008521546 -0.098835751 -0.025756186 0.994770408 0.031059777
0.996568680 -0.013532550 0.081656024 0.051103264 0.010435984 0.999214470 0.038230415 -0.007272590 -0.082109228 -0.037247073 0.995927095 0.028992133
0.997159600 -0.013579285 0.074082941 0.052871458 0.009392755 0.998354435 0.056569893 -0.007192015 -0.074729212 -0.055713370 0.995646298 0.027857315
0.997144282 -0.012247203 0.074519984 0.059441838 0.005398257 0.995797455 0.091423690 -0.007146636 -0.075326495 -0.090760335 0.993019879 0.026044974
0.996937454 -0.004342640 0.078082636 0.064365201 -0.004488599 0.993633509 0.112571076 -0.007952593 -0.078074381 -0.112576805 0.990570962 0.024732079
0.995649695 0.016927691 0.091625094 0.078373529 -0.030467996 0.988447905 0.148467079 -0.016201591 -0.088053428 -0.150612846 0.984663606 0.021294195
0.993645251 0.033410400 0.107484400 0.094764598 -0.050682250 0.985452652 0.162217155 -0.034341987 -0.100501046 -0.166633844 0.980883658 0.022636382
0.992284298 0.035967760 0.118651338 0.110732310 -0.053823821 0.987081468 0.150907919 -0.054626208 -0.111690715 -0.156129822 0.981401384 0.017600590
0.991601348 0.037122145 0.123889998 0.121022657 -0.054780275 0.988303423 0.142321840 -0.078024752 -0.117157616 -0.147913247 0.982036531 0.037684489
0.991384923 0.034444984 0.126370296 0.129101694 -0.050411381 0.990823328 0.125410721 -0.096373037 -0.120890863 -0.130700797 0.984023750 0.045105360
0.990654230 0.030913213 0.132848114 0.144372821 -0.044863001 0.993634760 0.103330620 -0.130789489 -0.128808230 -0.108324878 0.985735357 0.061220106
0.990327001 0.027214264 0.136058271 0.168044284 -0.040539321 0.994541347 0.096146107 -0.168173030 -0.132699028 -0.100731790 0.986024380 0.082777247
0.989691675 0.026024867 0.140829965 0.185574129 -0.039305739 0.994949520 0.092360571 -0.201301306 -0.137715042 -0.096943915 0.985716224 0.104347810
0.988705754 0.028037794 0.147223637 0.195623279 -0.041639667 0.995058596 0.090135872 -0.234464303 -0.143968940 -0.095248200 0.984987676 0.120350458
0.988294303 0.029892923 0.149602160 0.203875199 -0.043236457 0.995291352 0.086751260 -0.249389067 -0.146304473 -0.092204042 0.984933197 0.131915346
0.987943530 0.034751087 0.150863796 0.223074868 -0.045781441 0.996477067 0.070267469 -0.277055264 -0.147890449 -0.076327056 0.986054063 0.161767036
0.987897396 0.038044043 0.150371000 0.238519967 -0.046862915 0.997355819 0.055544648 -0.301969826 -0.147860259 -0.061919235 0.987068057 0.186525226
0.987985969 0.039504334 0.149409100 0.245088890 -0.047207151 0.997713625 0.048363797 -0.314067632 -0.147156909 -0.054835934 0.987591982 0.197898269
0.988013387 0.042228092 0.148480162 0.251260161 -0.048659820 0.998016000 0.039953105 -0.324485362 -0.146498427 -0.046699218 0.988107979 0.207216352
0.988243580 0.043164622 0.146667793 0.258779019 -0.049200915 0.998074174 0.037779223 -0.332980484 -0.144754618 -0.044551264 0.988464117 0.220152736
0.989099622 0.038089391 0.142236337 0.269327998 -0.045642570 0.997694552 0.050222524 -0.351689339 -0.139995471 -0.056167111 0.988557816 0.234984368
0.990897000 0.018560337 0.133336619 0.278167814 -0.027755193 0.997337520 0.067435481 -0.380203277 -0.131729990 -0.070522398 0.988773882 0.245170265
0.991461992 0.012623957 0.129783586 0.286817014 -0.022856645 0.996717870 0.077659830 -0.416761518 -0.128377244 -0.079963185 0.988496423 0.252981246
0.991449952 0.015218100 0.129597113 0.292654127 -0.025729194 0.996477008 0.079822168 -0.435079187 -0.127925798 -0.082474113 0.988348603 0.258164674
0.991250515 0.022335168 0.130090699 0.307159454 -0.033087656 0.996157587 0.081088103 -0.471365988 -0.127779722 -0.084683023 0.988180697 0.262955338
0.991112649 0.026116693 0.130436450 0.315221071 -0.036807477 0.996096134 0.080235370 -0.487164497 -0.127831757 -0.084323324 0.988204718 0.268738806
0.991067052 0.027848663 0.130424514 0.323653162 -0.038689964 0.995935082 0.081341214 -0.500060856 -0.127629101 -0.085660718 0.988115907 0.274832129
0.990990043 0.030649485 0.130381763 0.337376535 -0.041519508 0.995809257 0.081486695 -0.521536589 -0.127337843 -0.086165883 0.988109589 0.287000418
0.990961134 0.034242131 0.129705682 0.361789048 -0.045097612 0.995635927 0.081702568 -0.547827065 -0.126341969 -0.086813487 0.988180697 0.303833038
0.991272390 0.031882651 0.127916291 0.374802351 -0.042849407 0.995550871 0.083919190 -0.573288858 -0.124671608 -0.088667914 0.988228202 0.312440246
0.991401017 0.030256854 0.127312824 0.381886184 -0.041396942 0.995453179 0.085786231 -0.586887002 -0.124138340 -0.090318918 0.988145828 0.318197697
0.991532087 0.027827533 0.126845345 0.390534431 -0.039144140 0.995385051 0.087615050 -0.598206520 -0.123821847 -0.091838382 0.988045454 0.325917035
0.991670012 0.025249468 0.126305193 0.402283341 -0.036966458 0.995136917 0.091301471 -0.622195303 -0.123385645 -0.095209993 0.987780869 0.336866558
0.991848350 0.024662223 0.125014484 0.420917392 -0.036455061 0.995004058 0.092940293 -0.638498664 -0.122097805 -0.096740089 0.987792253 0.350196660
0.991781235 0.026240872 0.125225261 0.437647194 -0.038231377 0.994806588 0.094330572 -0.648294687 -0.122099601 -0.098342821 0.987633705 0.366957039
0.991768241 0.026889438 0.125190780 0.458245814 -0.038870126 0.994788229 0.094263010 -0.650303960 -0.122003637 -0.098353237 0.987644553 0.389336824
0.991761565 0.027468083 0.125117779 0.469156772 -0.039205782 0.994955480 0.092339158 -0.651573479 -0.121950231 -0.096483767 0.987835526 0.398228824
0.991829216 0.026234267 0.124846198 0.488120079 -0.037342437 0.995465815 0.087483682 -0.655548513 -0.121985048 -0.091430932 0.988311708 0.420687139
0.992196202 0.021445839 0.122828327 0.502583027 -0.031225605 0.996443987 0.078258410 -0.666446209 -0.120713226 -0.081483081 0.989337564 0.439676911
0.992329478 0.023900369 0.121288590 0.529057026 -0.032478027 0.997070909 0.069244303 -0.676596582 -0.119278364 -0.072652377 0.990199149 0.460151285
0.992230654 0.026696524 0.121513747 0.550399780 -0.035086595 0.997106314 0.067438647 -0.694740176 -0.119361743 -0.071178198 0.990296125 0.478854209
0.992028236 0.029631540 0.122482643 0.570370376 -0.038291052 0.996884227 0.068961538 -0.703627348 -0.120057575 -0.073101781 0.990071893 0.484847724
0.991787374 0.031278051 0.124014139 0.593150735 -0.040658504 0.996440530 0.073845379 -0.718191624 -0.121262975 -0.078281142 0.989528835 0.498249829
0.991343498 0.035800241 0.126318514 0.616766870 -0.045753691 0.995996475 0.076795653 -0.726679206 -0.123063497 -0.081910409 0.989012659 0.516304851
0.990967393 0.040756326 0.127759531 0.639361978 -0.051023934 0.995634913 0.078151785 -0.733729899 -0.124016665 -0.083964668 0.988721311 0.529062808
0.990894854 0.041005358 0.128241554 0.649854064 -0.051539749 0.995466769 0.079935111 -0.735922039 -0.124382429 -0.085816823 0.988516331 0.538573384
0.990535557 0.042006496 0.130670637 0.666057289 -0.053849537 0.994623005 0.088461012 -0.748165965 -0.126252085 -0.094660334 0.987471461 0.561843514
0.990559816 0.041726243 0.130576476 0.683250964 -0.054114375 0.994212210 0.092809863 -0.769036472 -0.125948116 -0.098999783 0.987084627 0.575155377
0.990570962 0.042569011 0.130219236 0.704348147 -0.054287348 0.994657338 0.087804943 -0.793007493 -0.125785738 -0.094046280 0.987589598 0.590349376
0.990559518 0.042373929 0.130369931 0.714665294 -0.053462554 0.995133996 0.082765259 -0.809410691 -0.126228467 -0.088953823 0.988004863 0.601646721
0.990806162 0.039336912 0.129443988 0.726434529 -0.049804237 0.995657742 0.078645952 -0.816824138 -0.125788227 -0.084369749 0.988462985 0.609742105
0.990531564 0.042049423 0.130686715 0.738099217 -0.052016910 0.995914400 0.073815994 -0.835495055 -0.127048865 -0.079914987 0.988671899 0.622343481
0.990737081 0.039937958 0.129788354 0.753676474 -0.049812675 0.996032000 0.073749147 -0.848254740 -0.126327977 -0.079531118 0.988795280 0.639602184
0.991144776 0.035643410 0.127912223 0.769190252 -0.045847289 0.995919287 0.077735685 -0.849964738 -0.124619484 -0.082911745 0.988734365 0.653803825
